                  epoch,         train/box_loss,         train/cls_loss,         train/dfl_loss,   metrics/precision(B),      metrics/recall(B),       metrics/mAP50(B),    metrics/mAP50-95(B),           val/box_loss,           val/cls_loss,           val/dfl_loss,                 lr/pg0,                 lr/pg1,                 lr/pg2
                      1,                 2.5631,                 4.9433,                  1.272,                0.19054,                0.22914,                0.12641,                0.03591,                 2.2939,                 2.5885,                 1.1724,              0.0033316,              0.0033316,              0.0033316
                      2,                 2.3065,                 3.2454,                 1.1584,                 0.1926,                0.29943,                0.15379,                0.05268,                 2.1715,                 2.2936,                 1.1268,              0.0066517,              0.0066517,              0.0066517
                      3,                 2.2869,                 2.7008,                 1.1611,                0.18283,                0.37923,                0.15191,                0.04312,                 2.3471,                 2.2447,                 1.1878,              0.0099587,              0.0099587,              0.0099587
                      4,                 2.2926,                 2.4217,                 1.1705,                0.20488,                0.45067,                0.18703,                0.05995,                 2.1479,                 2.1589,                 1.1413,              0.0099406,              0.0099406,              0.0099406
                      5,                 2.2575,                 2.2946,                 1.1536,                0.22056,                0.51525,                0.21552,                0.07284,                 2.1601,                 2.0527,                 1.1498,              0.0099208,              0.0099208,              0.0099208
                      6,                 2.2256,                 2.2199,                  1.151,                0.20127,                0.46824,                0.19813,                0.06968,                  2.091,                 2.0839,                 1.1202,               0.009901,               0.009901,               0.009901
                      7,                 2.1944,                 2.1611,                 1.1382,                0.25145,                0.52038,                 0.2415,                0.08971,                 2.1224,                 1.9783,                  1.143,              0.0098812,              0.0098812,              0.0098812
                      8,                 2.1751,                 2.1261,                 1.1398,                0.23346,                0.50848,                0.22406,                0.07629,                 2.0948,                 1.9637,                 1.1303,              0.0098614,              0.0098614,              0.0098614
                      9,                 2.1661,                 2.1119,                 1.1312,                0.28636,                0.53342,                  0.284,                0.11094,                  1.987,                 1.8828,                 1.1041,              0.0098416,              0.0098416,              0.0098416
                     10,                 2.1362,                 2.0765,                 1.1239,                0.26275,                0.52815,                0.26055,                0.09952,                 2.0113,                 1.9003,                 1.1028,              0.0098218,              0.0098218,              0.0098218
                     11,                 2.1232,                 2.0543,                 1.1166,                0.25772,                0.53434,                0.25821,                0.09928,                 1.9735,                 1.9432,                 1.0866,               0.009802,               0.009802,               0.009802
                     12,                 2.1218,                 2.0655,                 1.1132,                0.30629,                0.53457,                0.29044,                0.11594,                 2.0059,                  1.849,                  1.103,              0.0097822,              0.0097822,              0.0097822
                     13,                 2.1134,                 2.0323,                 1.1106,                0.29808,                0.54952,                0.29098,                0.11486,                 1.9496,                 1.8382,                 1.0911,              0.0097624,              0.0097624,              0.0097624
                     14,                 2.0975,                  2.024,                  1.108,                0.31324,                0.53478,                0.29108,                 0.1156,                 1.9351,                 1.8905,                 1.0806,              0.0097426,              0.0097426,              0.0097426
                     15,                 2.0863,                 1.9901,                 1.1072,                0.31468,                0.57504,                0.30394,                0.12141,                 1.9149,                 1.8096,                 1.0728,              0.0097228,              0.0097228,              0.0097228
                     16,                 2.0734,                 1.9762,                  1.102,                 0.3296,                0.58123,                0.31981,                0.12872,                 1.9515,                 1.8039,                 1.0831,               0.009703,               0.009703,               0.009703
                     17,                 2.0636,                 1.9792,                 1.1049,                0.31791,                0.56899,                 0.3164,                0.12629,                 1.9139,                 1.8508,                 1.0689,              0.0096832,              0.0096832,              0.0096832
                     18,                 2.0513,                 1.9656,                 1.0934,                0.32386,                0.57938,                0.31627,                0.12814,                 1.9025,                 1.8064,                 1.0677,              0.0096634,              0.0096634,              0.0096634
                     19,                  2.036,                 1.9555,                 1.0931,                0.33656,                0.59071,                0.32331,                0.13499,                 1.8831,                 1.7814,                 1.0632,              0.0096436,              0.0096436,              0.0096436
                     20,                 2.0464,                 1.9449,                 1.0924,                0.33871,                0.53334,                0.31305,                 0.1236,                 1.9144,                 1.8297,                 1.0672,              0.0096238,              0.0096238,              0.0096238
                     21,                 2.0194,                 1.9379,                 1.0873,                0.33711,                0.58741,                0.33026,                0.13784,                 1.8428,                 1.7715,                 1.0519,               0.009604,               0.009604,               0.009604
                     22,                 2.0273,                 1.9378,                 1.0897,                0.34516,                0.59691,                0.33304,                0.13775,                 1.8564,                  1.763,                 1.0558,              0.0095842,              0.0095842,              0.0095842
                     23,                  2.007,                 1.9098,                 1.0846,                0.35291,                0.60671,                0.34311,                0.14604,                 1.8327,                 1.7351,                 1.0491,              0.0095644,              0.0095644,              0.0095644
                     24,                 2.0004,                 1.9087,                 1.0831,                0.33945,                0.59646,                0.33273,                0.14437,                 1.8031,                 1.7525,                 1.0418,              0.0095446,              0.0095446,              0.0095446
                     25,                  1.995,                 1.9043,                 1.0817,                0.34854,                0.57663,                0.33539,                0.13815,                 1.8504,                 1.7826,                 1.0528,              0.0095248,              0.0095248,              0.0095248
                     26,                 1.9714,                 1.9137,                 1.0765,                0.34009,                0.64377,                0.34881,                0.14851,                 1.8058,                 1.7246,                 1.0411,               0.009505,               0.009505,               0.009505
                     27,                 1.9675,                 1.8989,                 1.0759,                0.35014,                0.58814,                0.34093,                0.14843,                 1.7843,                 1.7441,                 1.0361,              0.0094852,              0.0094852,              0.0094852
                     28,                 1.9734,                 1.8926,                 1.0738,                0.33817,                0.60576,                0.33764,                0.13732,                 1.8699,                 1.7699,                 1.0544,              0.0094654,              0.0094654,              0.0094654
                     29,                 1.9641,                 1.8884,                 1.0736,                0.34966,                0.56149,                0.33774,                0.14555,                 1.7901,                 1.7559,                 1.0348,              0.0094456,              0.0094456,              0.0094456
                     30,                  1.951,                 1.8731,                  1.065,                0.36015,                 0.6177,                0.36494,                0.15832,                 1.7771,                 1.7194,                 1.0328,              0.0094258,              0.0094258,              0.0094258
                     31,                  1.952,                 1.8885,                 1.0704,                0.36113,                0.59095,                0.35733,                0.15472,                  1.789,                 1.7344,                 1.0346,               0.009406,               0.009406,               0.009406
                     32,                 1.9403,                  1.875,                 1.0656,                0.36415,                0.60055,                0.36762,                0.15848,                 1.7868,                 1.7076,                  1.033,              0.0093862,              0.0093862,              0.0093862
                     33,                 1.9445,                 1.8662,                 1.0661,                0.36914,                0.59033,                0.37659,                0.15976,                 1.7955,                  1.726,                 1.0317,              0.0093664,              0.0093664,              0.0093664
                     34,                 1.9372,                 1.8531,                 1.0628,                0.37103,                0.59257,                0.37757,                0.16712,                 1.7528,                 1.6925,                 1.0247,              0.0093466,              0.0093466,              0.0093466
                     35,                 1.9287,                 1.8499,                 1.0559,                0.38133,                0.60033,                0.39996,                0.17548,                 1.7363,                 1.6852,                 1.0227,              0.0093268,              0.0093268,              0.0093268
                     36,                 1.9174,                 1.8431,                 1.0558,                0.41388,                0.57059,                0.43433,                0.19284,                 1.7371,                 1.6716,                 1.0183,               0.009307,               0.009307,               0.009307
                     37,                 1.9146,                 1.8146,                 1.0585,                0.50449,                0.55912,                0.51474,                0.21964,                 1.7958,                  1.618,                 1.0321,              0.0092872,              0.0092872,              0.0092872
                     38,                 1.9192,                 1.7666,                 1.0563,                 0.5927,                0.59598,                0.58824,                 0.2562,                 1.7546,                 1.4901,                  1.024,              0.0092674,              0.0092674,              0.0092674
                     39,                 1.9117,                 1.7307,                 1.0576,                0.61747,                0.60824,                0.60666,                0.26569,                 1.7519,                 1.4653,                  1.023,              0.0092476,              0.0092476,              0.0092476
                     40,                 1.9065,                 1.7007,                 1.0522,                0.60579,                0.60186,                0.59725,                0.25348,                 1.7882,                 1.4706,                 1.0316,              0.0092278,              0.0092278,              0.0092278
                     41,                 1.9091,                 1.6626,                 1.0586,                0.64183,                0.63596,                0.63192,                0.27564,                 1.7374,                 1.4036,                 1.0166,               0.009208,               0.009208,               0.009208
                     42,                 1.9058,                 1.6645,                 1.0623,                0.63733,                0.63198,                0.62917,                0.27934,                 1.7445,                  1.408,                 1.0204,              0.0091882,              0.0091882,              0.0091882
                     43,                 1.9022,                 1.6548,                 1.0587,                0.64841,                0.65205,                0.64664,                0.28837,                 1.7154,                 1.3855,                 1.0114,              0.0091684,              0.0091684,              0.0091684
                     44,                  1.886,                 1.6474,                 1.0522,                0.65157,                0.65084,                0.65659,                 0.2923,                 1.7141,                 1.3749,                 1.0122,              0.0091486,              0.0091486,              0.0091486
                     45,                 1.8906,                 1.6226,                 1.0508,                0.65437,                0.66371,                0.65834,                0.29612,                 1.6866,                 1.3626,                 1.0074,              0.0091288,              0.0091288,              0.0091288
                     46,                 1.8794,                 1.6198,                  1.046,                0.65715,                0.66079,                0.65632,                0.29562,                 1.6837,                 1.3741,                 1.0047,               0.009109,               0.009109,               0.009109
                     47,                 1.8793,                 1.6199,                 1.0465,                0.64965,                0.65882,                0.65102,                0.29773,                  1.676,                 1.3593,                 1.0026,              0.0090892,              0.0090892,              0.0090892
                     48,                 1.8925,                  1.616,                 1.0469,                0.65125,                0.64871,                0.65146,                0.29113,                 1.7027,                 1.3607,                 1.0087,              0.0090694,              0.0090694,              0.0090694
                     49,                 1.8728,                 1.6037,                 1.0488,                0.66281,                0.66813,                0.66992,                0.30328,                 1.6741,                 1.3441,                 1.0024,              0.0090496,              0.0090496,              0.0090496
                     50,                 1.8553,                 1.5798,                 1.0416,                0.66801,                0.67971,                0.67654,                0.30576,                 1.6816,                 1.3329,                 1.0043,              0.0090298,              0.0090298,              0.0090298
                     51,                 1.8663,                 1.5891,                 1.0444,                 0.6698,                0.66993,                0.67016,                0.30304,                 1.6861,                  1.342,                0.99998,                0.00901,                0.00901,                0.00901
                     52,                 1.8666,                 1.5799,                 1.0433,                0.66483,                0.67824,                0.67347,                0.30717,                  1.688,                 1.3222,                  1.002,              0.0089902,              0.0089902,              0.0089902
                     53,                 1.8633,                 1.5723,                 1.0391,                 0.6694,                0.67984,                0.67273,                0.30862,                 1.6519,                  1.334,                0.99778,              0.0089704,              0.0089704,              0.0089704
                     54,                 1.8361,                 1.5642,                 1.0361,                 0.6682,                0.67563,                0.67232,                0.30787,                 1.6579,                 1.3286,                0.99605,              0.0089506,              0.0089506,              0.0089506
                     55,                 1.8444,                 1.5516,                 1.0379,                0.67297,                0.68007,                0.68152,                0.31612,                 1.6395,                 1.3127,                0.99206,              0.0089308,              0.0089308,              0.0089308
                     56,                 1.8288,                 1.5681,                 1.0309,                0.66314,                 0.6785,                0.67585,                0.31297,                 1.6476,                  1.321,                 0.9963,               0.008911,               0.008911,               0.008911
                     57,                 1.8449,                 1.5622,                 1.0401,                0.67479,                 0.6786,                0.67629,                0.31713,                 1.6282,                 1.3135,                0.99104,              0.0088912,              0.0088912,              0.0088912
                     58,                 1.8358,                 1.5581,                 1.0365,                0.66711,                0.67611,                0.67253,                0.31285,                   1.63,                 1.3248,                0.99056,              0.0088714,              0.0088714,              0.0088714
                     59,                 1.8166,                 1.5442,                 1.0337,                0.67636,                0.69419,                0.68611,                0.31812,                 1.6371,                 1.2988,                0.99437,              0.0088516,              0.0088516,              0.0088516
                     60,                 1.8217,                 1.5462,                 1.0279,                0.68175,                0.69669,                0.68584,                0.31691,                 1.6408,                 1.3005,                0.99477,              0.0088318,              0.0088318,              0.0088318
                     61,                  1.818,                 1.5356,                 1.0357,                0.68195,                 0.6988,                0.68934,                0.31778,                 1.6417,                 1.3003,                0.99689,               0.008812,               0.008812,               0.008812
                     62,                   1.83,                 1.5313,                 1.0288,                0.67321,                 0.6909,                0.68386,                0.32112,                 1.6235,                 1.3011,                0.99174,              0.0087922,              0.0087922,              0.0087922
                     63,                 1.8164,                 1.5424,                 1.0287,                0.67172,                0.68915,                0.68396,                0.31917,                 1.6326,                 1.3015,                0.99423,              0.0087724,              0.0087724,              0.0087724
                     64,                 1.8238,                 1.5532,                 1.0331,                0.67728,                0.68894,                0.68607,                0.32094,                 1.6208,                 1.3049,                0.99248,              0.0087526,              0.0087526,              0.0087526
                     65,                 1.8006,                 1.5153,                 1.0297,                0.67595,                0.68648,                0.68611,                0.32097,                 1.6279,                 1.2943,                 0.9942,              0.0087328,              0.0087328,              0.0087328
                     66,                 1.8131,                 1.5275,                 1.0306,                0.67766,                 0.6905,                0.68889,                0.32435,                 1.6118,                 1.3006,                0.98971,               0.008713,               0.008713,               0.008713
                     67,                 1.8037,                 1.5288,                 1.0286,                0.67643,                 0.6962,                0.68761,                0.32293,                 1.6238,                   1.29,                0.99363,              0.0086932,              0.0086932,              0.0086932
                     68,                  1.803,                 1.5289,                 1.0227,                0.67631,                0.70238,                0.69331,                0.32691,                 1.6168,                 1.2872,                0.99246,              0.0086734,              0.0086734,              0.0086734
                     69,                 1.8091,                 1.5203,                 1.0232,                0.68485,                0.69738,                0.69606,                0.32613,                 1.6136,                 1.2879,                0.98946,              0.0086536,              0.0086536,              0.0086536
                     70,                 1.7923,                 1.5213,                 1.0222,                0.68568,                0.69616,                0.69371,                0.32824,                 1.6108,                 1.2851,                0.98793,              0.0086338,              0.0086338,              0.0086338
                     71,                  1.788,                 1.5172,                 1.0234,                0.68756,                0.69255,                0.69475,                0.32968,                 1.6111,                 1.2808,                0.98772,               0.008614,               0.008614,               0.008614
                     72,                 1.7976,                 1.5015,                 1.0255,                0.68507,                0.69766,                0.69361,                0.32821,                 1.6145,                 1.2754,                 0.9915,              0.0085942,              0.0085942,              0.0085942
                     73,                 1.7709,                 1.5158,                  1.018,                0.69244,                0.69971,                0.69562,                0.32898,                 1.6142,                 1.2785,                0.99145,              0.0085744,              0.0085744,              0.0085744
                     74,                 1.7799,                 1.5062,                 1.0219,                0.68974,                0.70098,                0.69611,                0.32947,                 1.6155,                 1.2752,                0.99007,              0.0085546,              0.0085546,              0.0085546
                     75,                 1.7795,                  1.507,                 1.0183,                0.68683,                0.70177,                0.69383,                0.32924,                 1.6084,                 1.2786,                0.98798,              0.0085348,              0.0085348,              0.0085348
                     76,                 1.7927,                 1.5026,                 1.0184,                0.68822,                0.70618,                0.69707,                0.32935,                 1.6198,                 1.2759,                 0.9931,               0.008515,               0.008515,               0.008515
                     77,                 1.7779,                  1.505,                 1.0213,                0.69044,                0.70314,                0.69912,                0.33076,                 1.6236,                 1.2646,                0.99532,              0.0084952,              0.0084952,              0.0084952
                     78,                 1.7731,                  1.515,                 1.0166,                0.68958,                0.70477,                0.69813,                0.33016,                 1.6213,                 1.2684,                0.99431,              0.0084754,              0.0084754,              0.0084754
                     79,                 1.7785,                 1.5034,                  1.018,                0.68723,                0.70347,                0.69831,                0.33131,                 1.6149,                 1.2693,                0.99237,              0.0084556,              0.0084556,              0.0084556
                     80,                  1.769,                  1.486,                 1.0162,                0.68962,                0.70052,                0.69764,                0.33175,                 1.6076,                 1.2699,                0.98888,              0.0084358,              0.0084358,              0.0084358
                     81,                  1.776,                 1.4953,                 1.0176,                0.69129,                0.70685,                0.70065,                0.33206,                 1.6161,                 1.2629,                0.99257,               0.008416,               0.008416,               0.008416
                     82,                 1.7753,                 1.4949,                 1.0185,                0.68965,                0.70802,                0.69996,                  0.333,                 1.6089,                 1.2663,                0.99016,              0.0083962,              0.0083962,              0.0083962
                     83,                 1.7698,                 1.4818,                 1.0189,                0.69344,                 0.7089,                0.70079,                 0.3332,                 1.6062,                 1.2665,                0.98874,              0.0083764,              0.0083764,              0.0083764
                     84,                 1.7625,                 1.4916,                 1.0159,                0.69131,                0.70312,                0.69809,                0.33255,                 1.6038,                 1.2671,                0.98844,              0.0083566,              0.0083566,              0.0083566
                     85,                 1.7506,                 1.4764,                 1.0148,                0.68615,                0.70698,                0.69797,                0.33205,                 1.6032,                 1.2636,                0.98893,              0.0083368,              0.0083368,              0.0083368
                     86,                 1.7517,                 1.4999,                 1.0154,                0.68641,                0.70767,                0.69928,                0.33217,                  1.608,                 1.2627,                0.99115,               0.008317,               0.008317,               0.008317
                     87,                 1.7746,                 1.4895,                 1.0136,                 0.6857,                0.71017,                0.69856,                 0.3328,                 1.6149,                  1.259,                0.99392,              0.0082972,              0.0082972,              0.0082972
                     88,                 1.7513,                 1.4875,                 1.0101,                0.68532,                0.70708,                0.69911,                0.33287,                 1.6118,                 1.2602,                0.99313,              0.0082774,              0.0082774,              0.0082774
                     89,                 1.7549,                 1.4863,                 1.0131,                0.68716,                0.70985,                 0.6993,                0.33287,                 1.6114,                 1.2601,                0.99315,              0.0082576,              0.0082576,              0.0082576
                     90,                 1.7506,                  1.471,                 1.0139,                0.68764,                0.71047,                 0.6997,                0.33294,                 1.6104,                 1.2599,                0.99212,              0.0082378,              0.0082378,              0.0082378
                     91,                 1.7582,                 1.4791,                 1.0147,                0.68852,                0.71286,                0.70166,                0.33318,                 1.6202,                  1.255,                0.99484,               0.008218,               0.008218,               0.008218
                     92,                 1.7474,                 1.4661,                 1.0154,                0.68959,                0.71375,                0.70059,                0.33351,                 1.6292,                 1.2513,                0.99861,              0.0081982,              0.0081982,              0.0081982
                     93,                 1.7438,                 1.4712,                 1.0144,                0.68799,                0.71519,                0.70282,                0.33405,                 1.6229,                 1.2518,                0.99655,              0.0081784,              0.0081784,              0.0081784
                     94,                 1.7464,                 1.4856,                 1.0124,                0.68664,                 0.7177,                0.70283,                0.33454,                 1.6213,                 1.2499,                 0.9967,              0.0081586,              0.0081586,              0.0081586
                     95,                 1.7388,                 1.4696,                 1.0087,                0.69224,                0.71569,                0.70509,                0.33607,                 1.6127,                 1.2483,                0.99402,              0.0081388,              0.0081388,              0.0081388
                     96,                 1.7414,                 1.4786,                  1.009,                0.69263,                 0.7129,                0.70424,                0.33516,                 1.6141,                 1.2466,                0.99371,               0.008119,               0.008119,               0.008119
                     97,                 1.7337,                 1.4719,                 1.0087,                 0.6953,                0.71731,                0.70575,                0.33544,                  1.611,                 1.2454,                0.99299,              0.0080992,              0.0080992,              0.0080992
                     98,                 1.7391,                 1.4481,                 1.0115,                0.69952,                0.71426,                0.70667,                0.33598,                 1.6097,                 1.2451,                0.99247,              0.0080794,              0.0080794,              0.0080794
                     99,                 1.7433,                 1.4655,                 1.0085,                0.69653,                0.71315,                 0.7061,                0.33624,                 1.6105,                  1.245,                0.99255,              0.0080596,              0.0080596,              0.0080596
                    100,                 1.7355,                 1.4708,                 1.0097,                0.69856,                0.71597,                0.70732,                0.33606,                 1.6142,                 1.2427,                0.99382,              0.0080398,              0.0080398,              0.0080398
                    101,                 1.7417,                 1.4777,                 1.0155,                0.69667,                0.71714,                0.70719,                0.33662,                 1.6109,                 1.2428,                0.99254,                0.00802,                0.00802,                0.00802
                    102,                 1.7352,                 1.4658,                 1.0037,                0.69696,                0.71547,                0.70637,                0.33681,                 1.6085,                 1.2435,                0.99156,              0.0080002,              0.0080002,              0.0080002
                    103,                 1.7338,                 1.4788,                  1.009,                0.69693,                0.71528,                0.70588,                0.33683,                 1.6056,                 1.2456,                0.99082,              0.0079804,              0.0079804,              0.0079804
                    104,                 1.7339,                 1.4576,                 1.0047,                 0.6967,                0.71851,                0.70788,                0.33741,                  1.606,                 1.2429,                0.99048,              0.0079606,              0.0079606,              0.0079606
                    105,                 1.7295,                 1.4647,                 1.0042,                0.69731,                0.71879,                0.70872,                0.33682,                 1.6113,                 1.2414,                 0.9923,              0.0079408,              0.0079408,              0.0079408
                    106,                 1.7195,                 1.4564,                 1.0045,                0.69793,                0.71708,                0.70857,                0.33711,                 1.6152,                 1.2396,                0.99373,               0.007921,               0.007921,               0.007921
                    107,                 1.7191,                 1.4663,                 1.0054,                0.69589,                0.71904,                0.70771,                 0.3359,                 1.6221,                 1.2386,                0.99643,              0.0079012,              0.0079012,              0.0079012
                    108,                 1.7256,                 1.4633,                 1.0085,                0.69782,                0.71606,                0.70797,                0.33608,                 1.6233,                 1.2369,                0.99689,              0.0078814,              0.0078814,              0.0078814
                    109,                 1.7284,                 1.4669,                 1.0056,                 0.6989,                 0.7155,                0.70926,                0.33656,                 1.6214,                 1.2362,                0.99628,              0.0078616,              0.0078616,              0.0078616
                    110,                 1.7255,                 1.4839,                 1.0093,                0.69511,                0.71649,                0.70904,                0.33711,                 1.6211,                 1.2359,                0.99615,              0.0078418,              0.0078418,              0.0078418
                    111,                 1.7186,                  1.455,                 1.0043,                0.69708,                 0.7181,                 0.7098,                0.33819,                 1.6176,                 1.2348,                0.99478,               0.007822,               0.007822,               0.007822
                    112,                 1.7208,                 1.4445,                 1.0064,                0.69733,                0.71586,                0.71032,                  0.339,                 1.6143,                  1.235,                 0.9935,              0.0078022,              0.0078022,              0.0078022
                    113,                 1.7318,                 1.4479,                 1.0073,                0.69624,                0.71897,                 0.7121,                0.33915,                 1.6138,                 1.2337,                0.99379,              0.0077824,              0.0077824,              0.0077824
                    114,                 1.7192,                  1.461,                 1.0041,                0.69589,                0.71964,                0.71212,                0.33966,                 1.6114,                 1.2339,                0.99306,              0.0077626,              0.0077626,              0.0077626
                    115,                 1.7168,                 1.4464,                 1.0082,                0.69564,                0.71972,                0.71132,                0.33978,                   1.61,                 1.2329,                0.99283,              0.0077428,              0.0077428,              0.0077428
                    116,                 1.7201,                 1.4547,                 1.0072,                0.69676,                0.71801,                0.71094,                0.34009,                 1.6091,                 1.2327,                0.99267,               0.007723,               0.007723,               0.007723
                    117,                 1.7062,                 1.4338,                0.99801,                0.69738,                0.72149,                0.71242,                0.34041,                 1.6076,                  1.232,                0.99219,              0.0077032,              0.0077032,              0.0077032
                    118,                 1.7016,                 1.4518,                 1.0028,                 0.6969,                0.72168,                 0.7125,                 0.3404,                 1.6073,                 1.2314,                0.99215,              0.0076834,              0.0076834,              0.0076834
                    119,                 1.7113,                 1.4431,                 1.0031,                0.69622,                0.72054,                 0.7111,                0.34037,                 1.6087,                 1.2304,                0.99265,              0.0076636,              0.0076636,              0.0076636
                    120,                 1.7124,                 1.4465,                 0.9969,                0.69931,                0.72045,                0.71219,                0.34065,                 1.6081,                 1.2296,                0.99241,              0.0076438,              0.0076438,              0.0076438
                    121,                 1.7141,                 1.4509,                 1.0014,                0.69874,                0.72364,                0.71312,                0.34126,                 1.6063,                 1.2302,                0.99201,               0.007624,               0.007624,               0.007624
                    122,                 1.7084,                 1.4555,                 1.0047,                0.69988,                0.72383,                0.71269,                0.34112,                 1.6064,                 1.2296,                0.99219,              0.0076042,              0.0076042,              0.0076042
                    123,                 1.7158,                 1.4619,                 1.0013,                0.69982,                0.72296,                0.71301,                 0.3418,                 1.6047,                 1.2301,                0.99172,              0.0075844,              0.0075844,              0.0075844
                    124,                 1.6985,                 1.4437,                0.99758,                0.69652,                 0.7229,                0.71237,                0.34182,                 1.6032,                 1.2295,                0.99134,              0.0075646,              0.0075646,              0.0075646
                    125,                 1.7067,                 1.4445,                 1.0057,                0.70014,                0.72422,                0.71389,                0.34231,                 1.6029,                 1.2292,                0.99127,              0.0075448,              0.0075448,              0.0075448
                    126,                 1.7002,                 1.4389,                 1.0011,                 0.7024,                0.72309,                0.71339,                0.34253,                 1.6033,                 1.2286,                0.99149,               0.007525,               0.007525,               0.007525
                    127,                 1.7013,                 1.4377,                0.99922,                0.70052,                0.72359,                0.71457,                0.34281,                 1.6025,                 1.2283,                0.99114,              0.0075052,              0.0075052,              0.0075052
                    128,                  1.698,                 1.4425,                 1.0023,                0.70059,                0.72476,                0.71444,                 0.3429,                 1.6024,                 1.2276,                0.99113,              0.0074854,              0.0074854,              0.0074854
                    129,                 1.6966,                 1.4285,                0.99841,                0.70051,                0.72512,                0.71399,                0.34269,                 1.6022,                 1.2273,                0.99109,              0.0074656,              0.0074656,              0.0074656
                    130,                 1.6932,                 1.4476,                0.99476,                0.70124,                0.72459,                0.71407,                0.34297,                 1.6016,                 1.2271,                0.99101,              0.0074458,              0.0074458,              0.0074458
                    131,                 1.6942,                 1.4257,                  0.997,                0.70109,                0.72543,                0.71475,                 0.3431,                 1.6005,                 1.2264,                0.99081,               0.007426,               0.007426,               0.007426
                    132,                 1.6985,                 1.4447,                0.99782,                  0.701,                0.72344,                0.71384,                0.34326,                 1.5998,                 1.2264,                0.99064,              0.0074062,              0.0074062,              0.0074062
                    133,                 1.6794,                 1.4256,                0.99533,                0.70072,                0.72367,                0.71369,                 0.3436,                  1.599,                 1.2262,                0.99026,              0.0073864,              0.0073864,              0.0073864
                    134,                 1.6942,                 1.4297,                 1.0006,                0.70071,                0.72449,                 0.7144,                0.34345,                 1.5991,                 1.2257,                0.99045,              0.0073666,              0.0073666,              0.0073666
                    135,                 1.6969,                 1.4369,                 1.0006,                0.70306,                0.72573,                0.71536,                 0.3439,                 1.5972,                 1.2257,                   0.99,              0.0073468,              0.0073468,              0.0073468
                    136,                 1.6866,                 1.4387,                0.99957,                 0.7024,                0.72506,                0.71497,                 0.3441,                 1.5966,                 1.2252,                0.98966,               0.007327,               0.007327,               0.007327
                    137,                 1.6907,                 1.4323,                0.99783,                0.70193,                0.72424,                  0.715,                0.34405,                 1.5962,                 1.2251,                0.98957,              0.0073072,              0.0073072,              0.0073072
                    138,                 1.6828,                 1.4343,                0.99508,                0.70069,                 0.7258,                0.71488,                 0.3443,                 1.5955,                  1.225,                 0.9894,              0.0072874,              0.0072874,              0.0072874
                    139,                 1.6793,                 1.4284,                0.99566,                0.70152,                0.72607,                0.71552,                0.34458,                 1.5948,                 1.2248,                0.98912,              0.0072676,              0.0072676,              0.0072676
                    140,                  1.678,                 1.4333,                0.99335,                0.70137,                0.72671,                0.71554,                0.34446,                 1.5948,                 1.2245,                0.98922,              0.0072478,              0.0072478,              0.0072478
                    141,                 1.6886,                 1.4337,                0.99344,                0.70246,                0.72666,                 0.7158,                0.34469,                 1.5962,                 1.2239,                0.98966,               0.007228,               0.007228,               0.007228
                    142,                 1.6831,                 1.4337,                0.99524,                0.70217,                0.72579,                0.71598,                0.34483,                 1.5965,                 1.2231,                0.98976,              0.0072082,              0.0072082,              0.0072082
                    143,                 1.6807,                 1.4329,                0.99205,                0.70244,                0.72524,                0.71592,                0.34486,                 1.5963,                 1.2229,                0.98978,              0.0071884,              0.0071884,              0.0071884
                    144,                 1.6856,                 1.4311,                0.99957,                0.70344,                0.72462,                0.71656,                0.34508,                 1.5957,                 1.2228,                0.98965,              0.0071686,              0.0071686,              0.0071686
                    145,                 1.6799,                 1.4177,                  0.995,                0.70336,                0.72468,                0.71695,                0.34516,                 1.5957,                 1.2226,                0.98968,              0.0071488,              0.0071488,              0.0071488
                    146,                 1.6727,                  1.419,                0.99258,                0.70315,                0.72635,                0.71781,                0.34537,                 1.5954,                 1.2222,                0.98957,               0.007129,               0.007129,               0.007129
                    147,                 1.6791,                 1.4239,                0.99313,                0.70336,                0.72571,                 0.7177,                0.34532,                 1.5938,                 1.2223,                0.98902,              0.0071092,              0.0071092,              0.0071092
                    148,                 1.6756,                  1.413,                 0.9952,                0.70429,                0.72515,                0.71756,                0.34548,                 1.5931,                 1.2223,                0.98866,              0.0070894,              0.0070894,              0.0070894
                    149,                 1.6859,                  1.432,                0.99353,                0.70487,                0.72566,                 0.7173,                0.34572,                 1.5924,                 1.2222,                0.98846,              0.0070696,              0.0070696,              0.0070696
                    150,                 1.6828,                 1.4326,                0.99146,                0.70572,                0.72603,                0.71773,                0.34586,                 1.5919,                 1.2222,                0.98829,              0.0070498,              0.0070498,              0.0070498
                    151,                 1.6655,                 1.4227,                0.99054,                0.70608,                0.72564,                0.71768,                0.34586,                 1.5913,                 1.2222,                 0.9882,                0.00703,                0.00703,                0.00703
                    152,                 1.6667,                 1.4078,                0.98868,                0.70851,                0.72556,                0.71825,                 0.3459,                 1.5912,                 1.2221,                0.98812,              0.0070102,              0.0070102,              0.0070102
                    153,                 1.6765,                 1.4213,                0.99348,                0.70801,                0.72436,                0.71773,                0.34597,                 1.5908,                 1.2221,                0.98803,              0.0069904,              0.0069904,              0.0069904
                    154,                 1.6743,                 1.4376,                0.99723,                0.70919,                0.72494,                0.71827,                0.34624,                   1.59,                 1.2221,                0.98769,              0.0069706,              0.0069706,              0.0069706
                    155,                 1.6681,                 1.4199,                0.99268,                0.70947,                0.72451,                0.71805,                 0.3463,                 1.5894,                 1.2221,                0.98759,              0.0069508,              0.0069508,              0.0069508
                    156,                 1.6728,                 1.4241,                0.99099,                0.70822,                0.72387,                0.71743,                0.34612,                 1.5892,                 1.2221,                0.98758,               0.006931,               0.006931,               0.006931
                    157,                 1.6779,                 1.4224,                0.99077,                0.70807,                0.72531,                 0.7178,                0.34621,                 1.5887,                 1.2221,                0.98742,              0.0069112,              0.0069112,              0.0069112
                    158,                 1.6691,                 1.4166,                0.99611,                0.70751,                0.72526,                0.71751,                0.34612,                 1.5879,                 1.2223,                0.98716,              0.0068914,              0.0068914,              0.0068914
                    159,                 1.6728,                 1.4197,                0.99435,                0.70775,                0.72422,                0.71819,                0.34634,                 1.5872,                  1.222,                  0.987,              0.0068716,              0.0068716,              0.0068716
                    160,                 1.6703,                  1.413,                0.98715,                 0.7065,                0.72436,                0.71827,                0.34629,                 1.5879,                 1.2217,                0.98718,              0.0068518,              0.0068518,              0.0068518
                    161,                 1.6676,                 1.4018,                 0.9909,                0.70698,                0.72362,                0.71827,                0.34623,                 1.5874,                 1.2218,                0.98701,               0.006832,               0.006832,               0.006832
                    162,                 1.6694,                  1.407,                  0.996,                0.70722,                0.72365,                 0.7179,                0.34629,                 1.5882,                 1.2213,                0.98732,              0.0068122,              0.0068122,              0.0068122
                    163,                 1.6597,                 1.3997,                 0.9937,                0.70815,                0.72414,                0.71867,                0.34637,                 1.5883,                 1.2208,                0.98739,              0.0067924,              0.0067924,              0.0067924
                    164,                 1.6618,                 1.3997,                0.98847,                0.70733,                0.72587,                0.71877,                0.34617,                  1.588,                  1.221,                0.98724,              0.0067726,              0.0067726,              0.0067726
                    165,                 1.6603,                 1.4059,                0.98996,                0.70699,                0.72535,                0.71831,                0.34635,                 1.5874,                 1.2206,                0.98699,              0.0067528,              0.0067528,              0.0067528
                    166,                 1.6625,                 1.4037,                0.99234,                0.70695,                0.72557,                0.71874,                0.34667,                 1.5868,                 1.2205,                0.98683,               0.006733,               0.006733,               0.006733
                    167,                 1.6644,                  1.407,                0.99361,                0.70771,                0.72486,                0.71894,                0.34667,                 1.5866,                 1.2201,                0.98679,              0.0067132,              0.0067132,              0.0067132
                    168,                 1.6639,                 1.4039,                0.99164,                0.70815,                0.72479,                0.71939,                0.34687,                 1.5865,                 1.2201,                 0.9868,              0.0066934,              0.0066934,              0.0066934
                    169,                 1.6555,                 1.4105,                0.99068,                0.70803,                0.72523,                0.71949,                0.34714,                 1.5856,                 1.2203,                0.98646,              0.0066736,              0.0066736,              0.0066736
                    170,                 1.6597,                 1.4053,                0.98733,                0.70827,                0.72633,                0.71974,                  0.347,                 1.5854,                 1.2198,                0.98653,              0.0066538,              0.0066538,              0.0066538
                    171,                 1.6666,                  1.411,                0.99278,                0.70936,                0.72571,                0.72012,                0.34733,                 1.5852,                 1.2198,                0.98651,               0.006634,               0.006634,               0.006634
                    172,                 1.6583,                 1.4133,                0.98983,                0.70904,                0.72623,                0.72041,                0.34714,                 1.5854,                 1.2195,                0.98663,              0.0066142,              0.0066142,              0.0066142
                    173,                 1.6615,                 1.4139,                0.98976,                0.70915,                 0.7269,                0.72038,                0.34732,                 1.5855,                 1.2192,                 0.9867,              0.0065944,              0.0065944,              0.0065944
                    174,                 1.6522,                 1.4087,                0.98932,                0.70964,                 0.7276,                0.72051,                0.34718,                 1.5861,                 1.2191,                0.98701,              0.0065746,              0.0065746,              0.0065746
                    175,                 1.6489,                  1.396,                0.98444,                0.70924,                 0.7278,                0.72042,                0.34713,                 1.5864,                 1.2187,                0.98711,              0.0065548,              0.0065548,              0.0065548
                    176,                 1.6564,                 1.3929,                0.98946,                 0.7097,                0.72834,                0.72091,                0.34741,                 1.5857,                 1.2184,                0.98684,               0.006535,               0.006535,               0.006535
                    177,                 1.6569,                 1.3966,                0.98866,                 0.7103,                0.72915,                0.72081,                0.34756,                 1.5858,                 1.2181,                0.98688,              0.0065152,              0.0065152,              0.0065152
                    178,                 1.6574,                 1.3999,                0.99077,                0.71152,                0.72955,                0.72189,                0.34779,                 1.5856,                 1.2178,                0.98691,              0.0064954,              0.0064954,              0.0064954
                    179,                 1.6397,                 1.3912,                0.98432,                0.71173,                0.72945,                0.72181,                0.34798,                 1.5864,                 1.2174,                 0.9871,              0.0064756,              0.0064756,              0.0064756
                    180,                  1.658,                 1.4077,                0.99134,                0.71008,                0.73091,                0.72179,                  0.348,                 1.5861,                 1.2173,                0.98701,              0.0064558,              0.0064558,              0.0064558
                    181,                 1.6584,                 1.3939,                0.99164,                0.71066,                0.73089,                0.72208,                0.34816,                 1.5851,                 1.2175,                0.98675,               0.006436,               0.006436,               0.006436
                    182,                 1.6456,                 1.3995,                0.98485,                0.71077,                 0.7303,                0.72189,                0.34805,                 1.5848,                 1.2173,                0.98666,              0.0064162,              0.0064162,              0.0064162
                    183,                 1.6505,                 1.4083,                0.98772,                0.71102,                0.73037,                0.72129,                0.34831,                 1.5843,                 1.2172,                0.98661,              0.0063964,              0.0063964,              0.0063964
                    184,                  1.648,                 1.3933,                 0.9852,                0.70883,                0.73097,                0.72136,                0.34825,                 1.5837,                 1.2172,                0.98636,              0.0063766,              0.0063766,              0.0063766
                    185,                 1.6474,                 1.3986,                0.99387,                0.70869,                0.73066,                0.72106,                0.34835,                 1.5837,                 1.2172,                0.98634,              0.0063568,              0.0063568,              0.0063568
                    186,                 1.6518,                 1.3955,                0.98499,                0.70943,                0.73049,                0.72159,                0.34849,                 1.5836,                 1.2169,                0.98627,               0.006337,               0.006337,               0.006337
                    187,                 1.6619,                 1.3963,                0.98449,                0.70944,                0.73063,                0.72168,                0.34862,                 1.5837,                 1.2168,                0.98635,              0.0063172,              0.0063172,              0.0063172
                    188,                  1.648,                 1.3887,                0.98351,                0.70964,                0.73052,                 0.7216,                0.34889,                 1.5832,                 1.2168,                 0.9862,              0.0062974,              0.0062974,              0.0062974
                    189,                 1.6446,                 1.3981,                0.98753,                0.70861,                0.73082,                0.72129,                0.34876,                 1.5827,                 1.2169,                0.98595,              0.0062776,              0.0062776,              0.0062776
                    190,                 1.6421,                 1.3908,                0.98283,                0.71116,                0.73074,                0.72171,                0.34885,                 1.5827,                 1.2168,                0.98602,              0.0062578,              0.0062578,              0.0062578
                    191,                 1.6346,                 1.4023,                0.98466,                0.71114,                0.73066,                 0.7218,                0.34899,                 1.5832,                 1.2162,                0.98617,               0.006238,               0.006238,               0.006238
                    192,                 1.6426,                 1.3797,                0.98494,                0.71021,                0.73187,                0.72198,                  0.349,                 1.5826,                 1.2161,                 0.9861,              0.0062182,              0.0062182,              0.0062182
                    193,                 1.6483,                 1.3915,                0.98416,                0.71067,                0.73194,                0.72198,                0.34897,                 1.5829,                  1.216,                0.98619,              0.0061984,              0.0061984,              0.0061984
                    194,                 1.6482,                 1.3875,                0.98274,                0.71011,                0.73235,                0.72194,                0.34911,                 1.5822,                  1.216,                0.98596,              0.0061786,              0.0061786,              0.0061786
                    195,                 1.6395,                 1.3876,                0.98176,                0.71096,                0.73221,                0.72207,                0.34903,                 1.5818,                 1.2157,                0.98593,              0.0061588,              0.0061588,              0.0061588
                    196,                  1.648,                 1.3916,                0.98674,                0.71086,                0.73255,                0.72214,                0.34926,                 1.5817,                 1.2154,                0.98586,               0.006139,               0.006139,               0.006139
                    197,                 1.6393,                 1.3961,                0.98527,                0.71111,                  0.732,                0.72216,                 0.3495,                  1.581,                 1.2153,                0.98569,              0.0061192,              0.0061192,              0.0061192
                    198,                  1.636,                 1.3844,                0.98838,                 0.7111,                0.73212,                0.72203,                0.34956,                 1.5809,                 1.2151,                0.98574,              0.0060994,              0.0060994,              0.0060994
                    199,                 1.6387,                 1.3772,                0.98535,                 0.7126,                0.73157,                0.72245,                0.34981,                 1.5807,                 1.2148,                0.98572,              0.0060796,              0.0060796,              0.0060796
                    200,                 1.6331,                 1.3815,                0.98047,                0.71336,                0.73193,                0.72241,                0.34963,                 1.5801,                 1.2146,                0.98556,              0.0060598,              0.0060598,              0.0060598
                    201,                 1.6299,                 1.3879,                0.98273,                0.71404,                0.73256,                0.72281,                0.35026,                 1.5787,                 1.2146,                0.98502,                0.00604,                0.00604,                0.00604
                    202,                 1.6303,                 1.3823,                0.98275,                0.71359,                0.73233,                0.72262,                0.35029,                 1.5781,                 1.2145,                0.98479,              0.0060202,              0.0060202,              0.0060202
                    203,                 1.6332,                  1.371,                0.98344,                0.71327,                0.73306,                0.72302,                0.35037,                 1.5772,                 1.2141,                0.98457,              0.0060004,              0.0060004,              0.0060004
                    204,                 1.6392,                 1.3902,                0.97989,                0.71345,                0.73368,                0.72302,                0.35043,                 1.5765,                 1.2143,                0.98436,              0.0059806,              0.0059806,              0.0059806
                    205,                 1.6381,                 1.3675,                0.98772,                0.71308,                 0.7332,                0.72277,                0.35026,                 1.5762,                 1.2141,                0.98427,              0.0059608,              0.0059608,              0.0059608
                    206,                 1.6361,                 1.3755,                0.98243,                0.71325,                0.73356,                0.72305,                0.35042,                 1.5764,                  1.214,                0.98438,               0.005941,               0.005941,               0.005941
                    207,                 1.6397,                 1.3962,                0.98436,                0.71374,                0.73331,                0.72316,                0.35059,                 1.5768,                 1.2138,                0.98456,              0.0059212,              0.0059212,              0.0059212
                    208,                 1.6189,                  1.365,                0.98059,                0.71283,                0.73349,                0.72273,                0.35076,                 1.5771,                 1.2135,                0.98467,              0.0059014,              0.0059014,              0.0059014
                    209,                 1.6204,                 1.3583,                0.98557,                 0.7129,                0.73363,                0.72271,                0.35101,                 1.5765,                 1.2138,                0.98439,              0.0058816,              0.0058816,              0.0058816
                    210,                 1.6323,                   1.37,                0.98435,                0.71442,                0.73215,                 0.7229,                 0.3508,                 1.5766,                 1.2133,                0.98449,              0.0058618,              0.0058618,              0.0058618
                    211,                 1.6249,                 1.3624,                0.98116,                0.71344,                0.73339,                0.72321,                0.35107,                 1.5765,                  1.213,                0.98447,               0.005842,               0.005842,               0.005842
                    212,                 1.6287,                 1.3765,                0.98312,                0.71374,                0.73218,                0.72281,                0.35119,                 1.5757,                 1.2131,                0.98422,              0.0058222,              0.0058222,              0.0058222
                    213,                 1.6306,                   1.36,                0.98178,                0.71435,                0.73314,                0.72333,                0.35132,                 1.5753,                 1.2127,                0.98416,              0.0058024,              0.0058024,              0.0058024
                    214,                 1.6325,                 1.3738,                0.98576,                0.71502,                0.73316,                0.72316,                0.35132,                 1.5749,                 1.2128,                0.98402,              0.0057826,              0.0057826,              0.0057826
                    215,                 1.6264,                 1.3653,                0.98109,                0.71535,                 0.7321,                0.72301,                0.35134,                 1.5749,                 1.2127,                0.98402,              0.0057628,              0.0057628,              0.0057628
                    216,                  1.628,                 1.3578,                0.98219,                0.71589,                0.73196,                0.72306,                0.35143,                 1.5735,                 1.2124,                0.98367,               0.005743,               0.005743,               0.005743
                    217,                 1.6239,                 1.3589,                0.98371,                0.71596,                0.73287,                0.72348,                0.35186,                 1.5729,                  1.212,                0.98347,              0.0057232,              0.0057232,              0.0057232
                    218,                 1.6273,                 1.3603,                0.97892,                0.71632,                 0.7328,                0.72357,                0.35192,                 1.5731,                  1.212,                0.98353,              0.0057034,              0.0057034,              0.0057034
                    219,                 1.6228,                 1.3579,                0.98399,                0.71543,                0.73237,                0.72326,                0.35213,                 1.5723,                  1.212,                 0.9834,              0.0056836,              0.0056836,              0.0056836
                    220,                  1.623,                  1.375,                0.98481,                0.71633,                0.73206,                0.72339,                0.35243,                 1.5714,                 1.2117,                0.98316,              0.0056638,              0.0056638,              0.0056638
                    221,                 1.6189,                 1.3681,                0.98083,                0.71504,                0.73212,                0.72322,                0.35235,                 1.5712,                 1.2115,                0.98307,               0.005644,               0.005644,               0.005644
                    222,                 1.6198,                 1.3606,                0.97985,                 0.7151,                0.73189,                0.72286,                0.35221,                 1.5702,                 1.2116,                0.98285,              0.0056242,              0.0056242,              0.0056242
                    223,                 1.6175,                 1.3601,                0.98188,                0.71521,                0.73212,                0.72303,                0.35264,                 1.5695,                 1.2112,                0.98266,              0.0056044,              0.0056044,              0.0056044
                    224,                 1.6243,                 1.3645,                0.97922,                 0.7154,                0.73239,                0.72319,                0.35269,                 1.5687,                 1.2112,                0.98247,              0.0055846,              0.0055846,              0.0055846
                    225,                 1.6181,                   1.37,                0.98047,                0.71485,                0.73213,                0.72332,                0.35275,                  1.569,                  1.211,                0.98246,              0.0055648,              0.0055648,              0.0055648
                    226,                 1.6143,                  1.374,                0.98431,                0.71497,                0.73297,                0.72309,                0.35306,                 1.5689,                 1.2105,                0.98246,               0.005545,               0.005545,               0.005545
                    227,                 1.6187,                 1.3564,                0.97734,                0.71503,                 0.7336,                0.72343,                0.35318,                 1.5687,                 1.2101,                0.98239,              0.0055252,              0.0055252,              0.0055252
                    228,                 1.6167,                 1.3773,                0.97983,                0.71589,                 0.7337,                0.72368,                0.35324,                 1.5683,                 1.2099,                0.98234,              0.0055054,              0.0055054,              0.0055054
                    229,                 1.6239,                 1.3562,                0.97988,                0.71477,                0.73413,                0.72352,                0.35333,                 1.5673,                 1.2101,                0.98194,              0.0054856,              0.0054856,              0.0054856
                    230,                 1.6196,                 1.3631,                0.97834,                 0.7157,                0.73491,                  0.724,                0.35332,                 1.5673,                   1.21,                 0.9819,              0.0054658,              0.0054658,              0.0054658
                    231,                 1.6209,                 1.3669,                0.98029,                0.71523,                0.73426,                0.72355,                0.35343,                 1.5673,                 1.2095,                  0.982,               0.005446,               0.005446,               0.005446
                    232,                  1.612,                 1.3555,                0.97818,                0.71556,                0.73396,                0.72357,                0.35358,                 1.5675,                 1.2093,                0.98204,              0.0054262,              0.0054262,              0.0054262
                    233,                  1.618,                 1.3597,                0.98289,                0.71542,                0.73427,                0.72365,                0.35369,                 1.5676,                 1.2091,                0.98212,              0.0054064,              0.0054064,              0.0054064
                    234,                 1.6231,                 1.3759,                0.97556,                0.71502,                0.73363,                0.72378,                0.35371,                 1.5676,                 1.2089,                0.98213,              0.0053866,              0.0053866,              0.0053866
                    235,                 1.6144,                 1.3444,                0.97971,                0.71521,                0.73382,                0.72395,                0.35419,                  1.567,                 1.2088,                0.98194,              0.0053668,              0.0053668,              0.0053668
                    236,                 1.6099,                 1.3465,                0.97662,                0.71506,                  0.735,                0.72429,                0.35414,                 1.5671,                 1.2084,                0.98204,               0.005347,               0.005347,               0.005347
                    237,                 1.6029,                 1.3405,                0.97804,                0.71493,                0.73405,                0.72391,                0.35428,                 1.5674,                 1.2084,                0.98214,              0.0053272,              0.0053272,              0.0053272
                    238,                 1.6079,                 1.3493,                0.97791,                0.71455,                0.73404,                 0.7242,                 0.3544,                 1.5674,                 1.2079,                0.98216,              0.0053074,              0.0053074,              0.0053074
                    239,                  1.602,                 1.3517,                0.97787,                0.71523,                0.73479,                0.72442,                0.35454,                 1.5679,                 1.2071,                0.98243,              0.0052876,              0.0052876,              0.0052876
                    240,                 1.6133,                 1.3522,                0.97775,                0.71439,                0.73519,                0.72433,                0.35448,                 1.5681,                 1.2065,                0.98252,              0.0052678,              0.0052678,              0.0052678
                    241,                 1.6088,                 1.3438,                0.97892,                0.71534,                0.73485,                0.72449,                0.35451,                 1.5685,                 1.2063,                0.98274,               0.005248,               0.005248,               0.005248
                    242,                 1.6105,                 1.3433,                 0.9801,                0.71511,                0.73573,                0.72477,                0.35442,                 1.5688,                 1.2057,                 0.9828,              0.0052282,              0.0052282,              0.0052282
                    243,                 1.6059,                  1.341,                0.97577,                0.71508,                0.73632,                0.72568,                0.35487,                 1.5688,                 1.2054,                 0.9828,              0.0052084,              0.0052084,              0.0052084
                    244,                 1.6077,                 1.3503,                0.97216,                0.71509,                0.73625,                0.72549,                0.35484,                 1.5694,                 1.2053,                0.98299,              0.0051886,              0.0051886,              0.0051886
                    245,                  1.597,                 1.3284,                 0.9754,                0.71499,                0.73613,                0.72567,                0.35481,                 1.5692,                 1.2054,                0.98293,              0.0051688,              0.0051688,              0.0051688
                    246,                 1.6102,                 1.3527,                0.97606,                0.71415,                0.73632,                0.72514,                0.35488,                 1.5687,                 1.2051,                0.98274,               0.005149,               0.005149,               0.005149
                    247,                 1.6112,                 1.3429,                 0.9737,                0.71663,                0.73538,                0.72567,                0.35481,                 1.5686,                 1.2049,                 0.9828,              0.0051292,              0.0051292,              0.0051292
                    248,                 1.6096,                 1.3464,                0.97822,                 0.7167,                0.73471,                0.72574,                0.35489,                 1.5672,                 1.2047,                0.98235,              0.0051094,              0.0051094,              0.0051094
                    249,                 1.6076,                 1.3636,                0.97984,                0.71558,                0.73472,                0.72509,                0.35511,                 1.5667,                 1.2049,                0.98214,              0.0050896,              0.0050896,              0.0050896
                    250,                 1.6067,                  1.352,                0.97836,                0.71398,                0.73735,                0.72585,                0.35544,                 1.5659,                 1.2046,                0.98192,              0.0050698,              0.0050698,              0.0050698
                    251,                 1.6002,                  1.327,                0.97682,                0.71546,                0.73625,                0.72608,                 0.3555,                 1.5662,                 1.2039,                0.98209,                0.00505,                0.00505,                0.00505
                    252,                 1.6049,                 1.3575,                0.97613,                0.71401,                0.73646,                0.72602,                0.35578,                 1.5666,                 1.2036,                0.98218,              0.0050302,              0.0050302,              0.0050302
                    253,                 1.6004,                 1.3387,                0.97499,                0.71465,                0.73632,                0.72627,                 0.3559,                 1.5667,                 1.2032,                0.98221,              0.0050104,              0.0050104,              0.0050104
                    254,                 1.6043,                 1.3429,                0.97223,                0.71459,                0.73678,                0.72636,                0.35589,                 1.5672,                 1.2026,                 0.9824,              0.0049906,              0.0049906,              0.0049906
                    255,                 1.6047,                 1.3467,                0.97679,                0.71473,                 0.7361,                0.72632,                0.35615,                  1.566,                 1.2022,                0.98203,              0.0049708,              0.0049708,              0.0049708
                    256,                 1.5927,                 1.3289,                0.97553,                0.71621,                0.73556,                 0.7271,                0.35648,                 1.5659,                 1.2021,                 0.9821,               0.004951,               0.004951,               0.004951
                    257,                 1.5958,                 1.3396,                 0.9779,                 0.7157,                0.73495,                0.72606,                0.35643,                 1.5665,                 1.2017,                0.98233,              0.0049312,              0.0049312,              0.0049312
                    258,                 1.5953,                 1.3258,                0.97321,                 0.7157,                0.73586,                0.72663,                0.35665,                 1.5661,                 1.2009,                0.98232,              0.0049114,              0.0049114,              0.0049114
                    259,                 1.5926,                 1.3318,                0.97691,                0.71565,                0.73618,                0.72662,                0.35665,                 1.5658,                 1.2003,                0.98218,              0.0048916,              0.0048916,              0.0048916
                    260,                 1.6103,                 1.3425,                0.97664,                0.71422,                0.73689,                0.72633,                0.35683,                 1.5662,                 1.1997,                0.98238,              0.0048718,              0.0048718,              0.0048718
                    261,                 1.5993,                 1.3292,                0.97841,                0.71573,                 0.7369,                0.72709,                 0.3572,                  1.566,                 1.1989,                0.98226,               0.004852,               0.004852,               0.004852
                    262,                 1.6045,                 1.3327,                0.97636,                0.71603,                0.73622,                0.72739,                0.35734,                 1.5656,                 1.1986,                0.98211,              0.0048322,              0.0048322,              0.0048322
                    263,                 1.5909,                 1.3361,                 0.9734,                0.71484,                0.73658,                0.72772,                0.35761,                 1.5651,                 1.1983,                0.98199,              0.0048124,              0.0048124,              0.0048124
                    264,                 1.5913,                 1.3242,                0.97088,                0.71475,                0.73767,                0.72769,                0.35773,                 1.5642,                 1.1982,                0.98166,              0.0047926,              0.0047926,              0.0047926
                    265,                 1.6016,                 1.3371,                0.97819,                0.71489,                0.73751,                0.72742,                0.35763,                 1.5641,                 1.1979,                0.98163,              0.0047728,              0.0047728,              0.0047728
                    266,                 1.5955,                 1.3289,                0.97502,                 0.7151,                0.73767,                0.72821,                0.35785,                 1.5637,                 1.1972,                0.98149,               0.004753,               0.004753,               0.004753
                    267,                 1.5996,                 1.3406,                0.97117,                0.71569,                0.73819,                0.72853,                0.35829,                 1.5636,                 1.1965,                 0.9816,              0.0047332,              0.0047332,              0.0047332
                    268,                  1.589,                 1.3237,                0.97521,                0.71475,                0.73866,                0.72809,                0.35825,                 1.5641,                  1.196,                0.98174,              0.0047134,              0.0047134,              0.0047134
                    269,                 1.5861,                 1.3246,                0.97401,                0.71411,                0.74041,                  0.729,                0.35865,                 1.5644,                 1.1954,                0.98185,              0.0046936,              0.0046936,              0.0046936
                    270,                 1.5981,                 1.3303,                0.97491,                0.71395,                0.74142,                0.72919,                0.35891,                 1.5646,                 1.1947,                0.98193,              0.0046738,              0.0046738,              0.0046738
                    271,                 1.5895,                 1.3089,                 0.9736,                0.71595,                 0.7398,                  0.729,                0.35916,                 1.5638,                 1.1941,                0.98176,               0.004654,               0.004654,               0.004654
                    272,                 1.5983,                  1.323,                 0.9726,                0.71608,                0.74059,                0.72976,                0.35942,                 1.5633,                 1.1933,                0.98159,              0.0046342,              0.0046342,              0.0046342
                    273,                 1.5863,                  1.319,                0.97376,                0.71684,                 0.7409,                0.72985,                0.35915,                  1.563,                 1.1928,                0.98145,              0.0046144,              0.0046144,              0.0046144
                    274,                 1.5964,                 1.3172,                0.97763,                0.71661,                0.74196,                 0.7303,                0.35944,                 1.5627,                 1.1922,                0.98139,              0.0045946,              0.0045946,              0.0045946
                    275,                 1.5862,                 1.3235,                 0.9721,                0.71739,                0.74211,                0.73054,                0.35976,                 1.5621,                 1.1918,                 0.9812,              0.0045748,              0.0045748,              0.0045748
                    276,                 1.5836,                 1.3326,                0.96884,                0.71711,                0.74203,                0.73097,                0.36004,                 1.5617,                 1.1912,                0.98112,               0.004555,               0.004555,               0.004555
                    277,                 1.5835,                 1.3185,                0.97305,                 0.7175,                0.74269,                0.73131,                0.36011,                  1.562,                 1.1905,                0.98128,              0.0045352,              0.0045352,              0.0045352
                    278,                 1.5857,                 1.3201,                0.96978,                0.71729,                 0.7419,                0.73081,                0.36017,                 1.5611,                 1.1904,                  0.981,              0.0045154,              0.0045154,              0.0045154
                    279,                 1.5791,                 1.3185,                0.97036,                0.71738,                0.74244,                0.73121,                0.36036,                 1.5595,                 1.1904,                 0.9806,              0.0044956,              0.0044956,              0.0044956
                    280,                 1.5803,                 1.3167,                0.97208,                0.71747,                0.74274,                0.73118,                0.36057,                 1.5591,                 1.1901,                0.98039,              0.0044758,              0.0044758,              0.0044758
                    281,                 1.5884,                  1.332,                0.97116,                0.71754,                0.74293,                0.73159,                0.36077,                 1.5592,                 1.1896,                0.98044,               0.004456,               0.004456,               0.004456
                    282,                 1.5796,                 1.3288,                0.97044,                0.71825,                0.74337,                0.73204,                0.36081,                 1.5594,                 1.1892,                0.98041,              0.0044362,              0.0044362,              0.0044362
                    283,                 1.5825,                  1.301,                0.96707,                0.71793,                0.74322,                0.73208,                0.36104,                 1.5591,                 1.1887,                0.98039,              0.0044164,              0.0044164,              0.0044164
                    284,                 1.5795,                 1.3138,                0.97487,                0.71978,                0.74306,                0.73257,                0.36116,                 1.5592,                 1.1879,                 0.9805,              0.0043966,              0.0043966,              0.0043966
                    285,                 1.5795,                 1.3163,                0.96979,                 0.7185,                0.74392,                0.73287,                0.36154,                  1.559,                 1.1873,                0.98048,              0.0043768,              0.0043768,              0.0043768
                    286,                 1.5787,                 1.3125,                0.97266,                0.71955,                0.74234,                0.73276,                0.36181,                 1.5592,                 1.1863,                0.98048,               0.004357,               0.004357,               0.004357
                    287,                 1.5774,                 1.3076,                0.97123,                0.71919,                0.74388,                0.73336,                0.36199,                 1.5591,                 1.1858,                0.98048,              0.0043372,              0.0043372,              0.0043372
                    288,                 1.5848,                 1.3199,                0.97077,                0.71926,                0.74464,                0.73371,                 0.3623,                 1.5591,                 1.1849,                0.98051,              0.0043174,              0.0043174,              0.0043174
                    289,                 1.5809,                 1.3305,                0.97016,                0.71935,                0.74584,                 0.7336,                0.36241,                 1.5589,                  1.184,                 0.9804,              0.0042976,              0.0042976,              0.0042976
                    290,                 1.5773,                 1.3113,                0.96849,                0.71907,                0.74391,                0.73332,                0.36255,                 1.5593,                 1.1834,                 0.9805,              0.0042778,              0.0042778,              0.0042778
                    291,                 1.5812,                 1.2958,                0.97104,                 0.7185,                0.74562,                0.73354,                0.36285,                  1.559,                 1.1829,                0.98037,               0.004258,               0.004258,               0.004258
                    292,                 1.5691,                 1.3125,                0.97029,                0.71868,                0.74553,                0.73402,                0.36293,                 1.5597,                  1.182,                0.98058,              0.0042382,              0.0042382,              0.0042382
                    293,                 1.5757,                 1.2972,                0.97205,                0.71851,                0.74562,                0.73391,                0.36297,                 1.5603,                 1.1815,                0.98078,              0.0042184,              0.0042184,              0.0042184
                    294,                 1.5759,                  1.301,                0.96985,                0.71938,                0.74578,                0.73437,                0.36316,                   1.56,                 1.1808,                0.98067,              0.0041986,              0.0041986,              0.0041986
                    295,                 1.5688,                 1.2858,                0.97165,                0.71952,                0.74587,                0.73425,                0.36363,                  1.559,                 1.1806,                0.98038,              0.0041788,              0.0041788,              0.0041788
                    296,                 1.5731,                 1.3002,                0.96924,                0.72003,                0.74606,                0.73438,                0.36382,                 1.5589,                 1.1804,                0.98038,               0.004159,               0.004159,               0.004159
                    297,                 1.5707,                 1.3155,                0.97123,                0.71953,                0.74726,                0.73469,                0.36365,                 1.5584,                 1.1797,                0.98015,              0.0041392,              0.0041392,              0.0041392
                    298,                 1.5617,                 1.2861,                 0.9697,                0.71987,                0.74677,                0.73524,                0.36411,                 1.5583,                 1.1791,                0.98003,              0.0041194,              0.0041194,              0.0041194
                    299,                 1.5652,                 1.3099,                0.97088,                0.71931,                0.74722,                0.73542,                0.36411,                 1.5583,                 1.1783,                0.97998,              0.0040996,              0.0040996,              0.0040996
                    300,                 1.5646,                 1.2911,                 0.9692,                0.71938,                0.74736,                0.73543,                0.36419,                 1.5577,                 1.1775,                0.97987,              0.0040798,              0.0040798,              0.0040798
                    301,                 1.5733,                 1.2991,                0.96827,                0.72079,                0.74749,                0.73541,                0.36452,                 1.5578,                 1.1772,                 0.9799,                0.00406,                0.00406,                0.00406
                    302,                 1.5765,                 1.2889,                0.97028,                0.71951,                 0.7467,                0.73528,                0.36447,                 1.5577,                 1.1768,                0.97983,              0.0040402,              0.0040402,              0.0040402
                    303,                 1.5674,                 1.2915,                0.96675,                0.71963,                0.74646,                0.73464,                0.36483,                  1.557,                 1.1762,                0.97966,              0.0040204,              0.0040204,              0.0040204
                    304,                 1.5514,                 1.2921,                0.96499,                0.72011,                 0.7465,                0.73507,                0.36485,                 1.5566,                 1.1754,                0.97949,              0.0040006,              0.0040006,              0.0040006
                    305,                 1.5657,                 1.2907,                  0.969,                0.71924,                0.74677,                0.73547,                0.36515,                 1.5567,                 1.1748,                0.97947,              0.0039808,              0.0039808,              0.0039808
                    306,                 1.5641,                 1.2947,                0.96542,                0.71992,                0.74638,                0.73523,                0.36512,                 1.5565,                 1.1745,                0.97942,               0.003961,               0.003961,               0.003961
                    307,                 1.5636,                 1.2975,                 0.9699,                0.71895,                0.74679,                0.73548,                0.36543,                 1.5562,                 1.1742,                0.97927,              0.0039412,              0.0039412,              0.0039412
                    308,                 1.5543,                 1.2796,                0.96753,                 0.7201,                0.74713,                0.73608,                0.36546,                 1.5567,                 1.1736,                0.97947,              0.0039214,              0.0039214,              0.0039214
                    309,                 1.5596,                 1.3052,                0.96036,                0.72034,                0.74733,                0.73622,                0.36569,                 1.5563,                 1.1732,                0.97934,              0.0039016,              0.0039016,              0.0039016
                    310,                 1.5669,                 1.2883,                0.96862,                0.72056,                0.74711,                0.73635,                0.36603,                 1.5558,                 1.1725,                0.97905,              0.0038818,              0.0038818,              0.0038818
                    311,                 1.5701,                 1.2919,                0.96961,                0.72085,                0.74778,                0.73679,                0.36634,                 1.5555,                 1.1721,                0.97901,               0.003862,               0.003862,               0.003862
                    312,                 1.5583,                 1.2883,                0.97005,                0.72213,                0.74764,                0.73729,                0.36659,                 1.5552,                 1.1715,                0.97889,              0.0038422,              0.0038422,              0.0038422
                    313,                   1.56,                 1.2884,                0.96653,                0.72327,                  0.748,                0.73806,                0.36688,                 1.5545,                 1.1708,                0.97873,              0.0038224,              0.0038224,              0.0038224
                    314,                 1.5675,                 1.2924,                0.96762,                0.72326,                0.74781,                0.73827,                0.36714,                 1.5545,                 1.1701,                0.97868,              0.0038026,              0.0038026,              0.0038026
                    315,                 1.5624,                 1.2775,                0.96455,                0.72307,                0.74821,                0.73814,                0.36722,                 1.5545,                 1.1695,                0.97863,              0.0037828,              0.0037828,              0.0037828
                    316,                 1.5541,                 1.2605,                0.96459,                0.72422,                0.74809,                0.73879,                0.36734,                 1.5537,                  1.169,                0.97838,               0.003763,               0.003763,               0.003763
                    317,                 1.5482,                 1.2697,                  0.966,                0.72493,                0.74826,                 0.7389,                0.36757,                 1.5527,                 1.1684,                0.97806,              0.0037432,              0.0037432,              0.0037432
                    318,                 1.5515,                 1.2718,                0.96419,                0.72509,                0.74861,                0.73891,                0.36767,                 1.5523,                 1.1676,                0.97797,              0.0037234,              0.0037234,              0.0037234
                    319,                 1.5607,                 1.2754,                0.96774,                0.72426,                0.75006,                0.73931,                0.36786,                 1.5518,                 1.1668,                0.97776,              0.0037036,              0.0037036,              0.0037036
                    320,                 1.5449,                 1.2896,                0.96054,                0.72276,                0.74915,                0.73839,                0.36808,                 1.5514,                 1.1665,                0.97766,              0.0036838,              0.0036838,              0.0036838
                    321,                 1.5402,                 1.2605,                0.96271,                0.72459,                0.74925,                0.73923,                0.36858,                 1.5514,                 1.1655,                0.97774,               0.003664,               0.003664,               0.003664
                    322,                 1.5459,                  1.272,                0.96549,                0.72294,                0.75136,                0.73979,                0.36879,                 1.5519,                 1.1642,                0.97796,              0.0036442,              0.0036442,              0.0036442
                    323,                 1.5544,                 1.2798,                0.97022,                0.72444,                0.75021,                0.73975,                0.36887,                 1.5513,                 1.1635,                0.97776,              0.0036244,              0.0036244,              0.0036244
                    324,                 1.5402,                 1.2637,                0.96182,                0.72383,                0.75185,                0.74043,                0.36933,                 1.5508,                 1.1629,                0.97763,              0.0036046,              0.0036046,              0.0036046
                    325,                 1.5405,                 1.2699,                0.96008,                 0.7244,                0.75006,                0.74012,                0.36952,                 1.5503,                 1.1621,                0.97755,              0.0035848,              0.0035848,              0.0035848
                    326,                  1.542,                 1.2742,                0.95963,                0.72377,                0.75174,                0.74038,                0.36961,                 1.5502,                 1.1617,                0.97752,               0.003565,               0.003565,               0.003565
                    327,                 1.5382,                 1.2579,                0.96502,                0.72466,                0.74953,                0.74017,                0.37012,                 1.5493,                 1.1611,                0.97726,              0.0035452,              0.0035452,              0.0035452
                    328,                  1.551,                 1.2716,                0.96395,                0.72631,                0.74899,                0.74148,                 0.3704,                 1.5481,                 1.1607,                0.97685,              0.0035254,              0.0035254,              0.0035254
                    329,                 1.5403,                 1.2665,                0.96378,                0.72602,                0.75088,                 0.7416,                0.37066,                 1.5472,                 1.1603,                0.97664,              0.0035056,              0.0035056,              0.0035056
                    330,                 1.5382,                 1.2663,                0.96029,                0.72728,                0.75082,                0.74244,                0.37096,                 1.5469,                 1.1595,                0.97658,              0.0034858,              0.0034858,              0.0034858
                    331,                 1.5458,                 1.2596,                0.96217,                0.72768,                0.75162,                0.74214,                0.37118,                 1.5466,                 1.1591,                0.97648,               0.003466,               0.003466,               0.003466
                    332,                 1.5502,                 1.2763,                0.96657,                0.72767,                0.75095,                0.74275,                0.37178,                 1.5459,                 1.1584,                0.97635,              0.0034462,              0.0034462,              0.0034462
                    333,                 1.5425,                  1.279,                0.96421,                 0.7274,                0.75367,                0.74366,                0.37224,                 1.5445,                  1.158,                0.97585,              0.0034264,              0.0034264,              0.0034264
                    334,                 1.5308,                 1.2578,                0.95903,                0.72901,                0.75154,                0.74382,                0.37248,                 1.5426,                 1.1576,                0.97525,              0.0034066,              0.0034066,              0.0034066
                    335,                 1.5371,                  1.263,                0.96515,                0.72858,                0.75288,                0.74374,                0.37281,                 1.5428,                 1.1568,                0.97525,              0.0033868,              0.0033868,              0.0033868
                    336,                 1.5386,                 1.2628,                0.96229,                0.72846,                0.75313,                0.74416,                 0.3732,                 1.5427,                 1.1559,                0.97518,               0.003367,               0.003367,               0.003367
                    337,                 1.5378,                 1.2674,                0.96091,                0.72866,                0.75229,                 0.7441,                0.37329,                 1.5426,                 1.1551,                 0.9752,              0.0033472,              0.0033472,              0.0033472
                    338,                 1.5422,                 1.2668,                 0.9612,                0.72944,                0.75322,                0.74445,                0.37347,                  1.542,                 1.1547,                0.97514,              0.0033274,              0.0033274,              0.0033274
                    339,                 1.5291,                 1.2696,                0.96313,                0.72904,                0.75261,                0.74434,                0.37377,                  1.542,                 1.1536,                0.97514,              0.0033076,              0.0033076,              0.0033076
                    340,                 1.5386,                 1.2484,                0.96152,                0.72918,                0.75262,                0.74487,                0.37382,                 1.5419,                 1.1527,                0.97503,              0.0032878,              0.0032878,              0.0032878
                    341,                 1.5343,                 1.2451,                0.95992,                0.73002,                 0.7526,                0.74524,                0.37413,                 1.5415,                 1.1522,                0.97487,               0.003268,               0.003268,               0.003268
                    342,                 1.5419,                 1.2588,                0.96324,                0.73107,                0.75261,                0.74568,                0.37437,                 1.5409,                 1.1515,                0.97462,              0.0032482,              0.0032482,              0.0032482
                    343,                 1.5272,                 1.2548,                0.95475,                0.73044,                0.75219,                0.74551,                0.37478,                 1.5394,                 1.1512,                0.97426,              0.0032284,              0.0032284,              0.0032284
                    344,                  1.518,                 1.2521,                 0.9566,                0.73073,                0.75272,                0.74573,                0.37515,                 1.5382,                 1.1506,                 0.9739,              0.0032086,              0.0032086,              0.0032086
                    345,                 1.5323,                 1.2554,                0.96795,                0.73077,                0.75315,                0.74619,                0.37547,                 1.5379,                 1.1497,                0.97378,              0.0031888,              0.0031888,              0.0031888
                    346,                 1.5281,                 1.2467,                0.95858,                0.73116,                0.75335,                0.74642,                0.37583,                  1.538,                 1.1488,                0.97378,               0.003169,               0.003169,               0.003169
                    347,                 1.5303,                 1.2505,                0.95714,                0.73145,                 0.7537,                0.74645,                0.37583,                 1.5375,                 1.1479,                0.97363,              0.0031492,              0.0031492,              0.0031492
                    348,                 1.5248,                 1.2496,                0.95931,                0.73109,                 0.7537,                0.74679,                0.37653,                 1.5361,                 1.1473,                 0.9732,              0.0031294,              0.0031294,              0.0031294
                    349,                 1.5267,                 1.2438,                0.96236,                0.73263,                0.75374,                0.74772,                0.37697,                 1.5353,                 1.1464,                0.97297,              0.0031096,              0.0031096,              0.0031096
                    350,                 1.5237,                 1.2378,                0.95771,                0.73196,                0.75457,                0.74806,                0.37707,                 1.5355,                 1.1457,                0.97302,              0.0030898,              0.0030898,              0.0030898
                    351,                 1.5149,                 1.2332,                0.95423,                0.73205,                0.75463,                0.74792,                0.37713,                 1.5353,                 1.1449,                0.97295,                0.00307,                0.00307,                0.00307
                    352,                  1.527,                 1.2424,                0.95916,                 0.7334,                0.75443,                0.74895,                0.37738,                 1.5344,                 1.1443,                0.97268,              0.0030502,              0.0030502,              0.0030502
                    353,                 1.5303,                 1.2489,                0.96333,                0.73291,                0.75562,                0.74961,                 0.3778,                 1.5338,                 1.1437,                0.97244,              0.0030304,              0.0030304,              0.0030304
                    354,                  1.529,                  1.246,                0.95648,                 0.7329,                0.75561,                0.74933,                0.37815,                 1.5332,                  1.143,                0.97234,              0.0030106,              0.0030106,              0.0030106
                    355,                 1.5088,                 1.2323,                0.95821,                0.73327,                0.75558,                0.75035,                 0.3786,                 1.5327,                 1.1424,                 0.9722,              0.0029908,              0.0029908,              0.0029908
                    356,                 1.5153,                 1.2287,                0.95621,                 0.7334,                0.75598,                0.75025,                0.37886,                 1.5322,                 1.1417,                0.97205,               0.002971,               0.002971,               0.002971
                    357,                 1.5142,                 1.2319,                0.95854,                0.73298,                0.75549,                0.75009,                0.37896,                  1.532,                  1.141,                0.97202,              0.0029512,              0.0029512,              0.0029512
                    358,                  1.524,                 1.2346,                0.95555,                0.73395,                0.75607,                0.75116,                0.37906,                 1.5317,                 1.1402,                0.97187,              0.0029314,              0.0029314,              0.0029314
                    359,                 1.5299,                 1.2378,                0.95973,                0.73391,                0.75636,                 0.7508,                0.37929,                 1.5314,                 1.1399,                0.97186,              0.0029116,              0.0029116,              0.0029116
                    360,                 1.5214,                 1.2379,                 0.9552,                 0.7345,                0.75653,                0.75165,                0.37965,                 1.5309,                  1.139,                0.97167,              0.0028918,              0.0028918,              0.0028918
                    361,                 1.5168,                  1.234,                0.95375,                0.73532,                 0.7575,                0.75231,                0.37985,                 1.5306,                 1.1381,                0.97161,               0.002872,               0.002872,               0.002872
                    362,                 1.5181,                 1.2315,                0.95892,                0.73494,                0.75716,                0.75198,                 0.3802,                 1.5297,                 1.1372,                0.97134,              0.0028522,              0.0028522,              0.0028522
                    363,                 1.5159,                 1.2368,                0.95444,                0.73558,                0.75685,                0.75201,                0.38051,                 1.5289,                 1.1367,                0.97108,              0.0028324,              0.0028324,              0.0028324
                    364,                 1.5162,                 1.2274,                0.95784,                 0.7358,                0.75661,                0.75235,                0.38082,                 1.5288,                  1.136,                0.97098,              0.0028126,              0.0028126,              0.0028126
                    365,                 1.5157,                 1.2183,                0.95561,                0.73476,                0.75711,                0.75174,                0.38074,                 1.5293,                 1.1352,                0.97115,              0.0027928,              0.0027928,              0.0027928
                    366,                  1.513,                 1.2252,                0.95404,                0.73527,                0.75799,                0.75205,                0.38096,                 1.5279,                 1.1348,                0.97074,               0.002773,               0.002773,               0.002773
                    367,                  1.505,                 1.2236,                0.95325,                0.73528,                0.75889,                0.75261,                0.38155,                 1.5264,                  1.134,                0.97024,              0.0027532,              0.0027532,              0.0027532
                    368,                 1.5137,                 1.2231,                0.95644,                0.73511,                0.75907,                0.75297,                 0.3817,                 1.5261,                 1.1333,                0.97015,              0.0027334,              0.0027334,              0.0027334
                    369,                 1.4961,                 1.2046,                0.95021,                0.73547,                0.75912,                0.75263,                0.38206,                 1.5249,                 1.1326,                0.96985,              0.0027136,              0.0027136,              0.0027136
                    370,                 1.5133,                 1.2115,                0.95886,                0.73497,                0.75927,                 0.7525,                0.38236,                  1.524,                 1.1319,                0.96963,              0.0026938,              0.0026938,              0.0026938
                    371,                  1.514,                 1.2154,                0.95636,                0.73612,                0.75808,                0.75266,                0.38256,                 1.5237,                 1.1314,                0.96945,               0.002674,               0.002674,               0.002674
                    372,                  1.506,                 1.2201,                  0.953,                0.73578,                0.75946,                0.75313,                0.38273,                  1.523,                 1.1307,                0.96926,              0.0026542,              0.0026542,              0.0026542
                    373,                 1.5028,                 1.2152,                0.95638,                0.73633,                0.75986,                0.75306,                0.38338,                 1.5222,                 1.1302,                0.96909,              0.0026344,              0.0026344,              0.0026344
                    374,                 1.5065,                 1.2231,                0.95331,                0.73509,                0.76175,                0.75358,                0.38349,                 1.5229,                 1.1292,                0.96935,              0.0026146,              0.0026146,              0.0026146
                    375,                 1.5034,                 1.2163,                0.95095,                0.73686,                 0.7611,                0.75446,                0.38387,                 1.5222,                 1.1282,                0.96916,              0.0025948,              0.0025948,              0.0025948
                    376,                 1.5015,                 1.2255,                 0.9516,                0.73695,                0.76127,                0.75494,                0.38416,                 1.5218,                 1.1274,                0.96897,               0.002575,               0.002575,               0.002575
                    377,                 1.4972,                 1.2082,                0.95332,                0.73655,                0.76173,                 0.7548,                 0.3841,                 1.5221,                 1.1268,                 0.9691,              0.0025552,              0.0025552,              0.0025552
                    378,                 1.4926,                 1.2193,                0.95227,                0.73663,                0.76182,                0.75505,                0.38452,                 1.5215,                 1.1258,                0.96898,              0.0025354,              0.0025354,              0.0025354
                    379,                 1.4921,                 1.2095,                0.95388,                0.73696,                0.76252,                0.75578,                0.38473,                 1.5203,                 1.1249,                0.96855,              0.0025156,              0.0025156,              0.0025156
                    380,                 1.4957,                  1.202,                0.95302,                0.73673,                0.76248,                0.75583,                0.38528,                 1.5196,                  1.124,                0.96834,              0.0024958,              0.0024958,              0.0024958
                    381,                 1.4939,                 1.2196,                  0.955,                0.73711,                0.76251,                0.75646,                0.38564,                 1.5186,                 1.1234,                0.96808,               0.002476,               0.002476,               0.002476
                    382,                 1.4921,                 1.2127,                0.95157,                0.73818,                0.76246,                0.75649,                0.38573,                 1.5191,                  1.122,                0.96832,              0.0024562,              0.0024562,              0.0024562
                    383,                 1.4829,                 1.2026,                0.95312,                0.73862,                0.76242,                0.75678,                0.38611,                 1.5195,                 1.1211,                0.96854,              0.0024364,              0.0024364,              0.0024364
                    384,                 1.4969,                 1.2038,                0.95064,                0.73785,                0.76361,                0.75728,                0.38652,                  1.519,                 1.1207,                0.96831,              0.0024166,              0.0024166,              0.0024166
                    385,                 1.4988,                 1.2039,                 0.9565,                0.73839,                0.76399,                0.75758,                0.38676,                 1.5181,                 1.1197,                0.96811,              0.0023968,              0.0023968,              0.0023968
                    386,                 1.4896,                 1.2033,                0.95046,                0.73812,                 0.7634,                0.75757,                0.38731,                 1.5172,                  1.119,                 0.9678,               0.002377,               0.002377,               0.002377
                    387,                 1.4791,                 1.1972,                0.95256,                0.73725,                0.76454,                0.75813,                0.38766,                 1.5168,                 1.1183,                0.96774,              0.0023572,              0.0023572,              0.0023572
                    388,                 1.4897,                 1.1933,                0.94779,                0.73723,                0.76431,                0.75808,                0.38785,                 1.5168,                 1.1178,                0.96778,              0.0023374,              0.0023374,              0.0023374
                    389,                 1.4778,                 1.1871,                 0.9486,                 0.7377,                 0.7647,                0.75864,                0.38831,                 1.5166,                 1.1167,                0.96768,              0.0023176,              0.0023176,              0.0023176
                    390,                 1.4838,                 1.1798,                0.94966,                0.73733,                0.76519,                0.75873,                0.38837,                 1.5155,                 1.1156,                0.96742,              0.0022978,              0.0022978,              0.0022978
                    391,                 1.4909,                 1.1898,                0.94891,                0.73765,                0.76559,                0.75905,                0.38892,                 1.5144,                  1.115,                0.96711,               0.002278,               0.002278,               0.002278
                    392,                 1.4715,                 1.1897,                0.94693,                0.73851,                0.76614,                0.75972,                 0.3893,                 1.5139,                 1.1142,                0.96692,              0.0022582,              0.0022582,              0.0022582
                    393,                 1.4877,                 1.1828,                0.95146,                0.73895,                0.76618,                0.76009,                 0.3899,                 1.5128,                 1.1136,                 0.9667,              0.0022384,              0.0022384,              0.0022384
                    394,                 1.4831,                  1.197,                0.94716,                0.73856,                 0.7662,                0.76028,                0.39031,                 1.5121,                 1.1133,                 0.9664,              0.0022186,              0.0022186,              0.0022186
                    395,                 1.4788,                 1.1804,                0.94742,                0.73978,                0.76666,                0.76077,                0.39064,                 1.5109,                 1.1124,                0.96608,              0.0021988,              0.0021988,              0.0021988
                    396,                 1.4798,                 1.1823,                0.94996,                0.73903,                0.76776,                0.76138,                0.39152,                 1.5095,                 1.1119,                0.96565,               0.002179,               0.002179,               0.002179
                    397,                 1.4821,                 1.1863,                0.95022,                0.74006,                0.76782,                0.76203,                0.39199,                 1.5076,                 1.1113,                0.96515,              0.0021592,              0.0021592,              0.0021592
                    398,                 1.4823,                 1.1811,                0.94709,                0.74002,                 0.7681,                0.76157,                0.39204,                 1.5073,                 1.1103,                0.96499,              0.0021394,              0.0021394,              0.0021394
                    399,                 1.4714,                 1.1716,                0.94834,                0.74035,                 0.7682,                0.76218,                 0.3925,                 1.5067,                 1.1097,                0.96482,              0.0021196,              0.0021196,              0.0021196
                    400,                 1.4663,                 1.1796,                0.94456,                0.73989,                0.76989,                0.76248,                0.39295,                 1.5063,                  1.109,                0.96474,              0.0020998,              0.0020998,              0.0020998
                    401,                 1.4664,                 1.1684,                0.94717,                0.74024,                0.77035,                0.76311,                0.39344,                 1.5056,                 1.1085,                0.96456,                0.00208,                0.00208,                0.00208
                    402,                 1.4736,                 1.1672,                0.94848,                0.73978,                0.77003,                0.76311,                0.39361,                  1.506,                 1.1076,                 0.9647,              0.0020602,              0.0020602,              0.0020602
                    403,                 1.4829,                 1.1796,                0.95194,                 0.7401,                0.76996,                0.76315,                0.39393,                 1.5054,                 1.1069,                0.96454,              0.0020404,              0.0020404,              0.0020404
                    404,                   1.47,                 1.1808,                0.94422,                0.74092,                0.77033,                 0.7637,                0.39442,                 1.5045,                 1.1061,                0.96432,              0.0020206,              0.0020206,              0.0020206
                    405,                 1.4703,                  1.171,                0.94358,                0.73977,                0.77128,                0.76404,                0.39458,                 1.5037,                 1.1054,                0.96409,              0.0020008,              0.0020008,              0.0020008
                    406,                 1.4707,                 1.1781,                0.94725,                0.74191,                0.77052,                0.76417,                0.39493,                 1.5031,                 1.1048,                0.96389,               0.001981,               0.001981,               0.001981
                    407,                 1.4679,                 1.1605,                0.94505,                0.74152,                0.77113,                 0.7645,                0.39534,                 1.5031,                 1.1039,                0.96393,              0.0019612,              0.0019612,              0.0019612
                    408,                 1.4691,                 1.1652,                 0.9488,                0.74191,                0.77134,                0.76469,                0.39554,                 1.5027,                 1.1032,                0.96388,              0.0019414,              0.0019414,              0.0019414
                    409,                  1.478,                 1.1729,                0.95044,                0.74289,                 0.7703,                0.76484,                0.39592,                 1.5023,                 1.1024,                 0.9638,              0.0019216,              0.0019216,              0.0019216
                    410,                 1.4676,                 1.1672,                 0.9424,                0.74227,                0.77151,                0.76496,                0.39624,                 1.5017,                 1.1019,                0.96364,              0.0019018,              0.0019018,              0.0019018
                    411,                 1.4552,                 1.1591,                0.94238,                0.74231,                 0.7714,                0.76511,                0.39668,                 1.5012,                 1.1009,                0.96357,               0.001882,               0.001882,               0.001882
                    412,                 1.4595,                 1.1647,                0.94472,                0.74293,                0.77163,                0.76547,                0.39686,                 1.5011,                 1.1002,                0.96353,              0.0018622,              0.0018622,              0.0018622
                    413,                 1.4557,                 1.1571,                0.94666,                0.74297,                0.77212,                0.76597,                0.39726,                 1.5006,                 1.0989,                0.96345,              0.0018424,              0.0018424,              0.0018424
                    414,                 1.4611,                 1.1504,                0.94117,                0.74288,                0.77228,                0.76629,                0.39768,                 1.5005,                 1.0981,                0.96341,              0.0018226,              0.0018226,              0.0018226
                    415,                 1.4644,                 1.1694,                0.94663,                0.74317,                0.77204,                0.76658,                0.39785,                 1.5001,                 1.0974,                0.96327,              0.0018028,              0.0018028,              0.0018028
                    416,                 1.4546,                 1.1567,                0.94611,                 0.7437,                0.77282,                0.76723,                0.39865,                 1.4994,                 1.0963,                0.96308,               0.001783,               0.001783,               0.001783
                    417,                 1.4542,                 1.1584,                0.94253,                0.74333,                0.77325,                0.76729,                0.39888,                  1.499,                 1.0957,                0.96296,              0.0017632,              0.0017632,              0.0017632
                    418,                  1.456,                 1.1554,                0.94669,                0.74418,                 0.7727,                0.76788,                0.39939,                  1.498,                 1.0949,                0.96275,              0.0017434,              0.0017434,              0.0017434
                    419,                 1.4518,                 1.1445,                0.94265,                0.74487,                0.77291,                0.76839,                0.39975,                 1.4977,                 1.0942,                0.96262,              0.0017236,              0.0017236,              0.0017236
                    420,                 1.4538,                 1.1535,                0.93965,                0.74477,                0.77298,                0.76861,                0.40017,                  1.497,                 1.0935,                0.96249,              0.0017038,              0.0017038,              0.0017038
                    421,                 1.4472,                 1.1413,                0.93892,                0.74487,                0.77241,                0.76843,                0.40055,                 1.4964,                 1.0926,                0.96234,               0.001684,               0.001684,               0.001684
                    422,                 1.4551,                 1.1386,                0.93955,                0.74431,                0.77339,                0.76883,                0.40084,                 1.4962,                 1.0919,                0.96227,              0.0016642,              0.0016642,              0.0016642
                    423,                 1.4425,                 1.1438,                0.94255,                0.74515,                0.77397,                0.76988,                0.40148,                 1.4951,                 1.0912,                0.96195,              0.0016444,              0.0016444,              0.0016444
                    424,                 1.4425,                 1.1534,                0.93824,                0.74393,                0.77502,                 0.7692,                0.40177,                  1.495,                 1.0906,                0.96193,              0.0016246,              0.0016246,              0.0016246
                    425,                 1.4447,                 1.1545,                0.93789,                0.74445,                0.77519,                0.76987,                0.40234,                 1.4941,                 1.0898,                0.96177,              0.0016048,              0.0016048,              0.0016048
                    426,                 1.4476,                 1.1507,                0.94375,                0.74564,                0.77559,                0.77055,                0.40262,                 1.4942,                 1.0892,                0.96173,               0.001585,               0.001585,               0.001585
                    427,                 1.4456,                 1.1515,                0.93981,                0.74607,                0.77553,                0.77086,                0.40326,                 1.4933,                 1.0885,                0.96152,              0.0015652,              0.0015652,              0.0015652
                    428,                 1.4371,                  1.137,                0.93778,                0.74624,                0.77553,                0.77164,                0.40377,                 1.4932,                 1.0873,                0.96148,              0.0015454,              0.0015454,              0.0015454
                    429,                 1.4419,                 1.1375,                0.94098,                0.74651,                0.77581,                0.77186,                0.40392,                 1.4927,                 1.0868,                0.96139,              0.0015256,              0.0015256,              0.0015256
                    430,                 1.4307,                 1.1427,                0.93633,                0.74663,                0.77666,                0.77234,                0.40426,                 1.4922,                 1.0856,                0.96125,              0.0015058,              0.0015058,              0.0015058
                    431,                 1.4421,                 1.1412,                0.94374,                0.74674,                 0.7768,                0.77265,                0.40475,                 1.4922,                 1.0849,                0.96129,               0.001486,               0.001486,               0.001486
                    432,                 1.4333,                 1.1399,                0.93871,                0.74692,                0.77667,                0.77284,                0.40515,                 1.4922,                 1.0839,                0.96124,              0.0014662,              0.0014662,              0.0014662
                    433,                 1.4332,                 1.1202,                0.93676,                0.74614,                0.77823,                0.77344,                 0.4055,                 1.4918,                 1.0828,                0.96118,              0.0014464,              0.0014464,              0.0014464
                    434,                 1.4276,                 1.1358,                0.93622,                0.74719,                0.77791,                0.77433,                0.40582,                 1.4917,                 1.0817,                0.96117,              0.0014266,              0.0014266,              0.0014266
                    435,                 1.4287,                 1.1297,                0.93808,                0.74761,                0.77791,                0.77442,                0.40649,                 1.4907,                  1.081,                0.96086,              0.0014068,              0.0014068,              0.0014068
                    436,                 1.4326,                 1.1258,                0.93902,                0.74771,                 0.7779,                0.77445,                0.40681,                 1.4896,                 1.0803,                0.96062,               0.001387,               0.001387,               0.001387
                    437,                 1.4286,                 1.1366,                0.93601,                0.74847,                0.77746,                0.77473,                0.40705,                 1.4895,                 1.0793,                0.96053,              0.0013672,              0.0013672,              0.0013672
                    438,                 1.4192,                 1.1154,                0.93712,                0.74792,                 0.7786,                0.77518,                0.40748,                 1.4888,                 1.0785,                0.96043,              0.0013474,              0.0013474,              0.0013474
                    439,                 1.4285,                 1.1368,                0.94063,                0.75001,                0.77856,                0.77571,                0.40792,                 1.4884,                 1.0774,                0.96022,              0.0013276,              0.0013276,              0.0013276
                    440,                 1.4177,                  1.116,                0.93529,                0.74843,                0.77947,                0.77609,                 0.4082,                 1.4883,                 1.0765,                0.96014,              0.0013078,              0.0013078,              0.0013078
                    441,                  1.428,                 1.1218,                0.93736,                0.74997,                0.77859,                0.77615,                0.40846,                 1.4882,                 1.0755,                0.96011,               0.001288,               0.001288,               0.001288
                    442,                 1.4237,                 1.1187,                0.93743,                0.74864,                 0.7794,                0.77608,                0.40908,                 1.4879,                 1.0746,                0.96002,              0.0012682,              0.0012682,              0.0012682
                    443,                 1.4275,                 1.1211,                0.93841,                0.74961,                0.77967,                 0.7763,                0.40914,                 1.4876,                 1.0736,                0.95992,              0.0012484,              0.0012484,              0.0012484
                    444,                 1.4322,                 1.1161,                0.93808,                0.74974,                0.78003,                0.77662,                0.40939,                 1.4878,                 1.0727,                0.96001,              0.0012286,              0.0012286,              0.0012286
                    445,                 1.4183,                 1.1063,                0.93299,                 0.7495,                0.78009,                0.77661,                0.40966,                 1.4882,                 1.0716,                0.96005,              0.0012088,              0.0012088,              0.0012088
                    446,                 1.4242,                 1.1104,                0.93312,                0.74978,                0.78095,                0.77718,                0.40971,                 1.4882,                 1.0704,                0.96005,               0.001189,               0.001189,               0.001189
                    447,                 1.4199,                 1.1176,                0.93498,                0.74853,                0.78104,                0.77742,                0.41002,                 1.4884,                 1.0696,                0.96008,              0.0011692,              0.0011692,              0.0011692
                    448,                 1.4146,                 1.1039,                0.93574,                0.74922,                0.78165,                0.77762,                 0.4101,                 1.4873,                 1.0687,                0.95979,              0.0011494,              0.0011494,              0.0011494
                    449,                 1.4165,                 1.1029,                 0.9337,                0.74992,                0.78202,                0.77804,                0.41051,                 1.4879,                 1.0679,                0.95983,              0.0011296,              0.0011296,              0.0011296
                    450,                 1.4136,                 1.1067,                0.93399,                0.75067,                0.78219,                0.77849,                0.41083,                 1.4882,                  1.067,                0.95993,              0.0011098,              0.0011098,              0.0011098
                    451,                 1.4135,                 1.1041,                 0.9343,                0.74962,                0.78366,                0.77865,                0.41123,                 1.4871,                 1.0662,                0.95963,                0.00109,                0.00109,                0.00109
                    452,                 1.4089,                 1.1027,                0.93048,                0.75162,                0.78279,                0.77919,                 0.4115,                 1.4866,                 1.0653,                0.95949,              0.0010702,              0.0010702,              0.0010702
                    453,                 1.4087,                 1.0955,                0.93174,                0.75203,                0.78268,                0.77943,                0.41198,                 1.4857,                 1.0644,                0.95931,              0.0010504,              0.0010504,              0.0010504
                    454,                 1.3991,                 1.0912,                0.93278,                0.75156,                0.78273,                0.77955,                0.41234,                 1.4849,                 1.0636,                0.95915,              0.0010306,              0.0010306,              0.0010306
                    455,                 1.4175,                 1.1024,                0.93523,                0.75181,                0.78319,                0.77983,                0.41305,                 1.4838,                 1.0626,                0.95886,              0.0010108,              0.0010108,              0.0010108
                    456,                 1.4108,                 1.1067,                0.93326,                0.75251,                0.78379,                0.78042,                0.41337,                 1.4831,                 1.0616,                0.95882,               0.000991,               0.000991,               0.000991
                    457,                 1.4043,                  1.088,                0.93235,                0.75227,                0.78296,                   0.78,                0.41384,                 1.4819,                 1.0609,                0.95847,              0.0009712,              0.0009712,              0.0009712
                    458,                 1.4094,                 1.1075,                0.93281,                0.75321,                0.78361,                0.78116,                0.41427,                  1.482,                   1.06,                0.95855,              0.0009514,              0.0009514,              0.0009514
                    459,                 1.4053,                 1.1012,                0.93348,                 0.7535,                0.78384,                0.78168,                0.41427,                 1.4828,                 1.0588,                0.95864,              0.0009316,              0.0009316,              0.0009316
                    460,                 1.4027,                 1.1017,                0.93254,                0.75386,                0.78382,                0.78156,                0.41437,                 1.4819,                 1.0582,                0.95841,              0.0009118,              0.0009118,              0.0009118
                    461,                 1.3982,                 1.0723,                0.93602,                0.75415,                0.78437,                0.78209,                0.41482,                 1.4821,                 1.0573,                0.95842,               0.000892,               0.000892,               0.000892
                    462,                 1.3901,                  1.092,                0.92966,                0.75451,                0.78472,                0.78213,                0.41548,                 1.4816,                 1.0563,                0.95831,              0.0008722,              0.0008722,              0.0008722
                    463,                 1.3915,                 1.0812,                 0.9294,                0.75352,                0.78597,                0.78227,                0.41556,                  1.481,                 1.0557,                0.95819,              0.0008524,              0.0008524,              0.0008524
                    464,                 1.3982,                 1.0875,                0.93388,                0.75503,                0.78481,                0.78227,                0.41601,                 1.4791,                 1.0549,                0.95775,              0.0008326,              0.0008326,              0.0008326
                    465,                 1.3973,                  1.082,                0.92776,                0.75467,                0.78599,                0.78292,                0.41641,                 1.4782,                 1.0541,                0.95748,              0.0008128,              0.0008128,              0.0008128
                    466,                 1.3942,                 1.0742,                0.93001,                0.75562,                0.78535,                0.78293,                0.41722,                 1.4767,                 1.0533,                0.95714,               0.000793,               0.000793,               0.000793
                    467,                 1.3871,                 1.0704,                0.92399,                0.75563,                0.78573,                0.78313,                0.41712,                 1.4773,                 1.0522,                0.95725,              0.0007732,              0.0007732,              0.0007732
                    468,                  1.387,                 1.0828,                0.92555,                0.75622,                 0.7859,                 0.7835,                0.41758,                 1.4773,                 1.0514,                0.95721,              0.0007534,              0.0007534,              0.0007534
                    469,                 1.3908,                 1.0823,                0.92877,                0.75596,                0.78584,                0.78359,                0.41812,                 1.4772,                 1.0504,                0.95716,              0.0007336,              0.0007336,              0.0007336
                    470,                 1.3844,                 1.0667,                0.92633,                0.75646,                0.78632,                0.78415,                0.41851,                 1.4765,                 1.0494,                0.95707,              0.0007138,              0.0007138,              0.0007138
                    471,                 1.3811,                  1.073,                0.92919,                0.75684,                0.78636,                 0.7845,                0.41909,                 1.4752,                 1.0485,                 0.9567,               0.000694,               0.000694,               0.000694
                    472,                 1.3843,                 1.0664,                0.92704,                0.75706,                0.78637,                0.78508,                0.41969,                 1.4747,                 1.0476,                 0.9566,              0.0006742,              0.0006742,              0.0006742
                    473,                 1.3856,                 1.0819,                0.92893,                0.75724,                 0.7863,                0.78537,                0.42005,                 1.4734,                 1.0468,                 0.9563,              0.0006544,              0.0006544,              0.0006544
                    474,                 1.3823,                 1.0703,                0.92771,                0.75702,                0.78647,                0.78547,                 0.4206,                  1.472,                  1.046,                0.95595,              0.0006346,              0.0006346,              0.0006346
                    475,                 1.3809,                 1.0811,                0.92687,                0.75737,                0.78607,                0.78577,                0.42148,                 1.4688,                 1.0452,                0.95515,              0.0006148,              0.0006148,              0.0006148
                    476,                 1.3719,                  1.069,                0.92642,                0.75674,                0.78557,                0.78585,                0.42206,                 1.4659,                 1.0445,                 0.9544,               0.000595,               0.000595,               0.000595
                    477,                 1.3809,                 1.0724,                0.92958,                0.75716,                0.78599,                0.78658,                0.42268,                 1.4645,                 1.0439,                0.95402,              0.0005752,              0.0005752,              0.0005752
                    478,                 1.3774,                 1.0668,                0.92785,                0.75675,                0.78722,                0.78746,                0.42313,                 1.4625,                 1.0434,                0.95353,              0.0005554,              0.0005554,              0.0005554
                    479,                 1.3807,                 1.0632,                 0.9293,                0.75679,                0.78722,                0.78723,                0.42349,                 1.4606,                 1.0427,                0.95309,              0.0005356,              0.0005356,              0.0005356
                    480,                 1.3807,                  1.071,                0.92627,                0.75832,                0.78696,                0.78801,                0.42429,                 1.4595,                 1.0417,                0.95277,              0.0005158,              0.0005158,              0.0005158
                    481,                 1.3808,                 1.0734,                0.92721,                0.75745,                0.78826,                0.78859,                0.42487,                 1.4568,                 1.0412,                0.95214,               0.000496,               0.000496,               0.000496
                    482,                   1.37,                 1.0596,                0.92492,                 0.7576,                0.78847,                 0.7886,                0.42514,                  1.455,                 1.0404,                0.95168,              0.0004762,              0.0004762,              0.0004762
                    483,                 1.3743,                  1.069,                0.92405,                0.75783,                0.78852,                0.78892,                0.42577,                 1.4531,                 1.0396,                0.95121,              0.0004564,              0.0004564,              0.0004564
                    484,                 1.3712,                 1.0664,                0.92606,                0.75799,                0.78908,                0.78923,                 0.4266,                 1.4509,                 1.0386,                 0.9507,              0.0004366,              0.0004366,              0.0004366
                    485,                 1.3663,                 1.0659,                0.92088,                0.75811,                0.78895,                0.78958,                0.42704,                 1.4493,                  1.038,                0.95025,              0.0004168,              0.0004168,              0.0004168
                    486,                 1.3658,                 1.0564,                0.92313,                0.75849,                0.78908,                0.78994,                 0.4275,                 1.4475,                 1.0374,                0.94989,               0.000397,               0.000397,               0.000397
                    487,                 1.3654,                 1.0554,                0.92238,                 0.7594,                0.78818,                0.79032,                0.42791,                 1.4468,                 1.0362,                0.94973,              0.0003772,              0.0003772,              0.0003772
                    488,                 1.3607,                 1.0491,                0.91897,                0.75964,                0.78836,                0.79045,                0.42839,                 1.4454,                 1.0356,                0.94937,              0.0003574,              0.0003574,              0.0003574
                    489,                  1.373,                 1.0553,                0.92429,                0.75873,                0.78989,                0.79049,                0.42894,                 1.4438,                 1.0345,                0.94903,              0.0003376,              0.0003376,              0.0003376
                    490,                 1.3735,                 1.0579,                 0.9225,                0.75963,                0.78835,                0.79045,                0.42945,                 1.4427,                 1.0338,                0.94877,              0.0003178,              0.0003178,              0.0003178
                    491,                 1.3328,                 1.0042,                0.94707,                0.75914,                0.78778,                0.79072,                0.42958,                 1.4416,                 1.0329,                0.94844,               0.000298,               0.000298,               0.000298
                    492,                 1.3212,                 1.0001,                0.94527,                 0.7592,                0.78822,                0.79136,                0.43053,                 1.4409,                  1.032,                0.94815,              0.0002782,              0.0002782,              0.0002782
                    493,                 1.3091,                0.99391,                0.94056,                0.75843,                0.78947,                0.79148,                0.43102,                 1.4401,                  1.031,                0.94793,              0.0002584,              0.0002584,              0.0002584
                    494,                  1.303,                0.98741,                0.94334,                0.75904,                0.78961,                0.79169,                0.43138,                 1.4392,                 1.0301,                0.94774,              0.0002386,              0.0002386,              0.0002386
                    495,                 1.2965,                0.98328,                0.93939,                0.75904,                0.79011,                0.79182,                0.43169,                 1.4392,                  1.029,                0.94764,              0.0002188,              0.0002188,              0.0002188
                    496,                 1.3024,                0.97778,                0.94128,                0.75973,                0.79091,                0.79252,                0.43196,                 1.4384,                 1.0281,                0.94748,               0.000199,               0.000199,               0.000199
                    497,                 1.2961,                0.98249,                0.94204,                 0.7605,                0.79006,                0.79249,                0.43231,                 1.4391,                 1.0272,                0.94755,              0.0001792,              0.0001792,              0.0001792
                    498,                  1.291,                0.97891,                0.93565,                0.76078,                0.79042,                0.79274,                 0.4323,                 1.4401,                 1.0261,                0.94769,              0.0001594,              0.0001594,              0.0001594
                    499,                 1.3015,                0.98111,                 0.9407,                0.76023,                 0.7921,                0.79325,                0.43284,                 1.4397,                 1.0253,                0.94762,              0.0001396,              0.0001396,              0.0001396
                    500,                 1.2879,                0.97128,                0.93743,                0.76077,                0.79228,                0.79361,                 0.4334,                 1.4387,                 1.0241,                0.94743,              0.0001198,              0.0001198,              0.0001198
